16 10 23.986775 no 
17 10 16.500452000000003 no 
18 10 5.317617 no 
19 10 1.752054 no 
20 10 -7.04193217 no 
21 10 -5.731776 no 
22 10 -8.024716 no 
23 10 -5.154045 no 
24 10 -5.951642 no 
25 10 -2.035503 no 
26 10 0.481114 no 
27 10 7.05091 no 
28 10 11.299738 no 
29 10 18.399803 no 
30 10 23.28012 no 
31 10 31.181594 no 
32 10 36.999 yes 
33 10 46.13 yes 
34 10 52.842 yes 
241 100 69.22 yes 
242 100 68.4 yes 
243 100 69.316 yes 
244 100 68.964 yes 
245 100 70.192 yes 
246 100 70.191187 no 
247 100 71.672 yes 
248 100 71.89779300000001 no 
249 100 73.519143 no 
250 100 74.072193 no 
251 100 75.958808 no 
252 100 76.81661100000001 no 
253 100 79.345549 no 
254 100 80.902521 no 
255 100 83.800465 no 
256 100 85.484796 no 
257 100 88.590137 no 
258 100 90.426 yes 
259 100 93.704 yes 
260 100 95.766 yes 
244 101 75.597 yes 
245 101 75.325 yes 
246 101 76.115 yes 
247 101 75.936 yes 
248 101 76.948 yes 
249 101 77.180952 no 
250 101 78.39914 no 
251 101 78.966749 no 
252 101 80.467118 no 
253 101 81.173 yes 
254 101 83.453 yes 
255 101 84.84206900000001 no 
256 101 87.456 yes 
257 101 88.99247199999999 no 
258 101 91.69035000000001 no 
259 101 93.564 yes 
260 101 96.55 yes 
261 101 98.578 yes 
262 101 101.667 yes 
248 102 80.689 yes 
249 102 81.787 yes 
250 102 81.566 yes 
251 102 82.849 yes 
252 102 82.87137 no 
253 102 84.358696 no 
254 102 84.723312 no 
255 102 86.811934 no 
256 102 87.823046 no 
257 102 90.247064 no 
258 102 91.477 yes 
259 102 94.079381 no 
260 102 95.61 yes 
261 102 98.455 yes 
262 102 100.101 yes 
263 102 103.129 yes 
264 102 105.011 yes 
251 103 87.83 yes 
252 103 88.537 yes 
253 103 88.523471 no 
254 103 89.645887 no 
255 103 89.947305 no 
256 103 91.74660300000001 no 
257 103 92.665 yes 
258 103 94.782 yes 
259 103 95.851 yes 
260 103 98.277 yes 
261 103 99.557 yes 
262 103 102.105 yes 
263 103 103.669 yes 
264 103 106.375 yes 
253 104 93.642 yes 
254 104 93.201 yes 
255 104 94.329 yes 
256 104 94.221992 no 
257 104 95.866389 no 
258 104 96.34433800000001 no 
259 104 98.367 yes 
260 104 99.148 yes 
261 104 101.31823299999999 no 
262 104 102.392 yes 
263 104 104.757 yes 
264 104 106.075 yes 
255 105 99.595 yes 
256 105 100.298 yes 
257 105 100.154285 no 
258 105 101.50770299999999 no 
259 105 101.99102099999999 no 
260 105 103.673 yes 
261 105 104.308 yes 
262 105 106.253 yes 
263 105 107.11 yes 
258 106 105.296 yes 
259 106 106.519 yes 
260 106 106.547495 no 
261 106 108.005004 no 
262 106 108.369072 no 
263 106 110.195 yes 
260 107 113.123 yes 
261 107 113.07941000000001 no 
262 107 114.25211900000001 no 
263 107 114.496 yes 
263 108 119.678 yes 
19 11 12.929384 no 
20 11 6.850489 no 
21 11 -2.184857 no 
22 11 -5.181391 no 
23 11 -9.529853520000001 no 
24 11 -8.417901 no 
25 11 -9.357814000000001 no 
26 11 -6.86078 no 
27 11 -5.517791 no 
28 11 -0.988315 no 
29 11 2.679994 no 
30 11 8.47467 no 
31 11 12.246031 no 
32 11 18.640151999999997 no 
33 11 23.780113 no 
34 11 31.680114 no 
35 11 37.831 yes 
36 11 45.903 yes 
37 11 53.134 yes 
38 11 61.905 yes 
39 11 69.977 yes 
20 12 17.477694 no 
21 12 10.903851000000001 no 
22 12 -0.399986 no 
23 12 -5.473675 no 
24 12 -13.933577999999999 no 
25 12 -13.192782 no 
26 12 -16.214544 no 
27 12 -14.586594 no 
28 12 -15.019946 no 
29 12 -10.61236 no 
30 12 -8.881373 no 
31 12 -3.1221520000000003 no 
32 12 -0.828901 no 
33 12 4.962872999999999 no 
34 12 8.323324000000001 no 
35 12 15.639786 no 
36 12 20.380159 no 
37 12 28.211478 no 
38 12 34.074 yes 
39 12 42.775 yes 
40 12 49.55 yes 
41 12 58.1 yes 
21 13 27.09 yes 
22 13 18.201 yes 
23 13 6.7480709999999995 no 
24 13 -0.048811999999999994 no 
25 13 -8.915974 no 
26 13 -12.210139 no 
27 13 -17.196864 no 
28 13 -16.850719 no 
29 13 -18.207762 no 
30 13 -15.864116 no 
31 13 -14.950709000000002 no 
32 13 -11.099368 no 
33 13 -8.497382 no 
34 13 -2.9976190000000003 no 
35 13 -0.22372999999999998 no 
36 13 5.950384 no 
37 13 9.809564 no 
38 13 16.47 yes 
39 13 21.49 yes 
40 13 28.82 yes 
41 13 34.59 yes 
42 13 41.99 yes 
43 13 48.27 yes 
22 14 33.64 yes 
23 14 23.95 yes 
24 14 10.745186 no 
25 14 3.827322 no 
26 14 -7.1410029999999995 no 
27 14 -12.384504999999999 no 
28 14 -21.492797109999998 no 
29 14 -21.89508154 no 
30 14 -24.432962 no 
31 14 -22.949037 no 
32 14 -24.077689 no 
33 14 -20.514328000000003 no 
34 14 -19.991684 no 
35 14 -14.39148 no 
36 14 -12.436125 no 
37 14 -6.571511999999999 no 
38 14 -4.170299 no 
39 14 2.3203519999999997 no 
40 14 5.666876 no 
41 14 13.2 yes 
42 14 16.84 yes 
43 14 24.33 yes 
44 14 29.31 yes 
45 14 37.09 yes 
24 15 34.02 yes 
25 15 20.19 yes 
26 15 10.973 yes 
27 15 -0.6590320000000001 no 
28 15 -7.147856 no 
29 15 -16.952848999999997 no 
30 15 -20.200855999999998 no 
31 15 -24.44054442 no 
32 15 -24.304876 no 
33 15 -26.337349999999997 no 
34 15 -24.548702000000002 no 
35 15 -24.857809 no 
36 15 -20.251044999999998 no 
37 15 -18.996012 no 
38 15 -14.621565 no 
39 15 -12.774636000000001 no 
40 15 -8.139189 no 
41 15 -4.979767 no 
42 15 1.0918420000000002 no 
43 15 5.04 yes 
44 15 11.11 yes 
45 15 15.96 yes 
46 15 22.84 yes 
47 15 28.81 yes 
26 16 27.68 yes 
27 16 17.491 yes 
28 16 4.073203 no 
29 16 -3.094423 no 
30 16 -14.059254000000001 no 
31 16 -19.042531 no 
32 16 -26.01553714 no 
33 16 -26.585858299999998 no 
34 16 -29.931689 no 
35 16 -28.84621 no 
36 16 -30.664141 no 
37 16 -26.896425999999998 no 
38 16 -26.861216 no 
39 16 -23.162671999999997 no 
40 16 -22.83785 no 
41 16 -19.008580000000002 no 
42 16 -17.637748 no 
43 16 -12.195461 no 
44 16 -9.204236000000002 no 
45 16 -3.34 yes 
46 16 0.64 yes 
47 16 7.2 yes 
48 16 12.39 yes 
49 16 20.391 yes 
28 17 28.27 yes 
29 17 14.022 yes 
30 17 4.674548 no 
31 17 -7.034552 no 
32 17 -13.334706 no 
33 17 -21.00334 no 
34 17 -24.440086 no 
35 17 -29.013531999999998 no 
36 17 -29.522008000000003 no 
37 17 -31.761552 no 
38 17 -29.798116 no 
39 17 -29.800218 no 
40 17 -27.557818 no 
41 17 -27.307192 no 
42 17 -24.83177 no 
43 17 -24.159509999999997 no 
44 17 -20.478973000000003 no 
45 17 -18.262544000000002 no 
46 17 -13.734949 no 
47 17 -9.58 yes 
48 17 -4.28 yes 
49 17 0.74 yes 
50 17 7.7 yes 
51 17 14.29 yes 
52 17 22.36 yes 
29 18 37.969 yes 
30 18 22.071 yes 
31 18 11.325 yes 
32 18 -2.2003519999999996 no 
33 18 -9.384295 no 
34 18 -18.378293000000003 no 
35 18 -23.047289 no 
36 18 -30.231542 no 
37 18 -30.947679 no 
38 18 -34.714827 no 
39 18 -33.242195 no 
40 18 -35.03989997 no 
41 18 -33.06751 no 
42 18 -34.422678 no 
43 18 -32.009811 no 
44 18 -32.67326 no 
45 18 -29.770801 no 
46 18 -29.771255 no 
47 18 -25.367274000000002 no 
48 18 -22.354927 no 
49 18 -17.06 yes 
50 18 -13.23 yes 
51 18 -6.49 yes 
52 18 -1.38 yes 
53 18 6.791 yes 
54 18 12.56 yes 
31 19 34.26 yes 
32 19 21.99 yes 
33 19 7.54 yes 
34 19 -1.22 yes 
35 19 -11.172893 no 
36 19 -17.417182 no 
37 19 -24.800201 no 
38 19 -28.800759999999997 no 
39 19 -33.80719535 no 
40 19 -33.53549700000001 no 
41 19 -35.559548799999995 no 
42 19 -35.022031000000005 no 
43 19 -36.575394 no 
44 19 -35.781498 no 
45 19 -36.615643 no 
46 19 -35.413928999999996 no 
47 19 -35.711982000000006 no 
48 19 -32.284482 no 
49 19 -29.611496 no 
50 19 -25.727853 no 
51 19 -22.515456999999998 no 
52 19 -17.137628 no 
53 19 -12.295722 no 
54 19 -5.15 yes 
55 19 0.47 yes 
56 19 7.98 yes 
57 19 14.13 yes 
58 19 21.93 yes 
59 19 28.75 yes 
33 20 31.03 yes 
34 20 14.89 yes 
35 20 5.19 yes 
36 20 -6.451166 no 
37 20 -13.13607 no 
38 20 -22.058503 no 
39 20 -27.282707 no 
40 20 -34.846402000000005 no 
41 20 -35.137908 no 
42 20 -38.547292999999996 no 
43 20 -38.408873 no 
44 20 -41.46873 no 
45 20 -40.81223000000001 no 
46 20 -43.13961 no 
47 20 -42.344665 no 
48 20 -44.224868 no 
49 20 -41.300003 no 
50 20 -39.58923 no 
51 20 -36.33231 no 
52 20 -34.266272 no 
53 20 -29.387707 no 
54 20 -25.160587 no 
55 20 -18.650375 no 
56 20 -13.51039 no 
57 20 -6.56 yes 
58 20 -1.53 yes 
59 20 5.81 yes 
60 20 11.0 yes 
61 20 19.01 yes 
35 21 27.1 yes 
36 21 16.15 yes 
37 21 3.78 yes 
38 21 -4.249 yes 
39 21 -14.172726 no 
40 21 -20.523353 no 
41 21 -28.64236 no 
42 21 -32.121003 no 
43 21 -36.18815 no 
44 21 -37.81603500000001 no 
45 21 -41.072321 no 
46 21 -41.761643 no 
47 21 -44.336842 no 
48 21 -44.504083 no 
49 21 -46.562447 no 
50 21 -44.53712 no 
51 21 -43.250353000000004 no 
52 21 -40.523559999999996 no 
53 21 -38.769555 no 
54 21 -34.437934 no 
55 21 -30.842108 no 
56 21 -25.515848000000002 no 
57 21 -21.379652999999998 no 
58 21 -15.479569 no 
59 21 -10.82955 no 
60 21 -4.55 yes 
61 21 0.5 yes 
62 21 7.31 yes 
63 21 13.07 yes 
37 22 25.17 yes 
38 22 11.37 yes 
39 22 2.5 yes 
40 22 -8.993439 no 
41 22 -15.697539 no 
42 22 -25.104353 no 
43 22 -29.315591 no 
44 22 -37.548586 no 
45 22 -39.010266 no 
46 22 -44.128269 no 
47 22 -44.937612 no 
48 22 -48.492951999999995 no 
49 22 -48.564012000000005 no 
50 22 -51.431867 no 
51 22 -49.73296499999999 no 
52 22 -49.477698 no 
53 22 -46.881432999999994 no 
54 22 -45.743812 no 
55 22 -41.832468999999996 no 
56 22 -39.422995 no 
57 22 -34.401848 no 
58 22 -30.917668000000003 no 
59 22 -25.88 yes 
60 22 -22.099698 no 
61 22 -16.37 yes 
62 22 -12.2 yes 
63 22 -5.86 yes 
64 22 -1.48 yes 
65 22 5.21 yes 
39 23 22.57 yes 
40 23 12.47 yes 
41 23 0.31 yes 
42 23 -7.62 yes 
43 23 -17.916358 no 
44 23 -23.808079000000003 no 
45 23 -31.886440999999998 no 
46 23 -37.075897 no 
47 23 -42.00707 no 
48 23 -44.478004999999996 no 
49 23 -47.962157 no 
50 23 -49.22324 no 
51 23 -52.203105 no 
52 23 -51.443032 no 
53 23 -51.851675 no 
54 23 -49.898267 no 
55 23 -49.125136 no 
56 23 -46.183400999999996 no 
57 23 -44.435063 no 
58 23 -40.430584 no 
59 23 -37.610617 no 
60 23 -33.087402000000004 no 
61 23 -30.177121 no 
62 23 -25.213164 no 
63 23 -21.740141 no 
64 23 -16.32 yes 
65 23 -12.11 yes 
66 23 -6.3 yes 
67 23 -1.744 yes 
41 24 20.41 yes 
42 24 7.06 yes 
43 24 -1.97 yes 
44 24 -13.421899 no 
45 24 -19.514801 no 
46 24 -29.47157 no 
47 24 -34.563093 no 
48 24 -42.821313 no 
49 24 -45.332352 no 
50 24 -50.261364 no 
51 24 -51.450714999999995 no 
52 24 -55.419508 no 
53 24 -55.287618 no 
54 24 -56.935379 no 
55 24 -55.110324 no 
56 24 -55.285128 no 
57 24 -52.524985 no 
58 24 -51.991808 no 
59 24 -48.115930999999996 no 
60 24 -46.9085 no 
61 24 -42.496502 no 
62 24 -40.852610999999996 no 
63 24 -36.178298999999996 no 
64 24 -33.639978 no 
65 24 -28.31 yes 
66 24 -25.14 yes 
67 24 -19.27 yes 
68 24 -15.69 yes 
69 24 -9.63 yes 
70 24 -5.64 yes 
43 25 17.37 yes 
44 25 7.46 yes 
45 25 -4.98 yes 
46 25 -12.417748 no 
47 25 -22.566376 no 
48 25 -29.296644 no 
49 25 -37.619925 no 
50 25 -42.626886 no 
51 25 -48.243224999999995 no 
52 25 -50.711387 no 
53 25 -54.690349999999995 no 
54 25 -55.558247 no 
55 25 -57.712542 no 
56 25 -56.911666 no 
57 25 -57.486279 no 
58 25 -55.827568 no 
59 25 -55.525328 no 
60 25 -52.967946000000005 no 
61 25 -51.742129999999996 no 
62 25 -48.523965 no 
63 25 -46.887061 no 
64 25 -42.98904 no 
65 25 -40.967344 no 
66 25 -36.750392 no 
67 25 -33.58 yes 
68 25 -28.92 yes 
69 25 -25.36 yes 
70 25 -20.45 yes 
71 25 -16.62 yes 
72 25 -11.17 yes 
73 25 -6.7 yes 
45 26 14.408 yes 
46 26 1.21 yes 
47 26 -7.13 yes 
48 26 -18.008575 no 
49 26 -24.75073 no 
50 26 -34.476459999999996 no 
51 26 -40.189184999999995 no 
52 26 -48.332095 no 
53 26 -50.947483 no 
54 26 -56.254615 no 
55 26 -57.481422 no 
56 26 -60.607163 no 
57 26 -60.182017 no 
58 26 -62.155271 no 
59 26 -60.664957 no 
60 26 -61.413174 no 
61 26 -58.920503 no 
62 26 -58.878057 no 
63 26 -55.635629 no 
64 26 -54.969552 no 
65 26 -51.217902 no 
66 26 -50.067847 no 
67 26 -45.708416 no 
68 26 -43.897 yes 
69 26 -39.199 yes 
70 26 -36.89 yes 
71 26 -31.93 yes 
72 26 -29.25 yes 
73 26 -23.99 yes 
74 26 -20.66 yes 
75 26 -14.7 yes 
76 26 -10.59 yes 
47 27 10.62 yes 
48 27 1.73 yes 
49 27 -9.78 yes 
50 27 -17.589402999999997 no 
51 27 -27.342146 no 
52 27 -34.343979 no 
53 27 -42.659375999999995 no 
54 27 -48.010068 no 
55 27 -54.029996 no 
56 27 -56.040518 no 
57 27 -59.345658 no 
58 27 -59.847292 no 
59 27 -62.229838 no 
60 27 -61.650437 no 
61 27 -62.898179 no 
62 27 -61.424399 no 
63 27 -61.851553 no 
64 27 -59.792442 no 
65 27 -59.185205 no 
66 27 -56.408541 no 
67 27 -55.321783 no 
68 27 -51.642591 no 
69 27 -50.385447 no 
70 27 -46.52496300000001 no 
71 27 -44.369930000000004 no 
72 27 -40.3 yes 
73 27 -37.97 yes 
74 27 -33.54 yes 
75 27 -30.56 yes 
76 27 -25.66 yes 
77 27 -21.91 yes 
78 27 -15.32 yes 
48 28 18.178 yes 
49 28 8.53 yes 
50 28 -3.46 yes 
51 28 -11.65 yes 
52 28 -22.559856 no 
53 28 -29.630827 no 
54 28 -39.278312 no 
55 28 -45.335961000000005 no 
56 28 -53.907649 no 
57 28 -56.083961 no 
58 28 -60.228871 no 
59 28 -61.156833 no 
60 28 -64.473243 no 
61 28 -64.222029 no 
62 28 -66.74644 no 
63 28 -65.512891 no 
64 28 -67.099034 no 
65 28 -65.12579600000001 no 
66 28 -66.006293 no 
67 28 -63.742688 no 
68 28 -63.463822 no 
69 28 -59.978656 no 
70 28 -59.213868000000005 no 
71 28 -55.406236 no 
72 28 -54.226068 no 
73 28 -50.108159 no 
74 28 -48.7 yes 
75 28 -44.24 yes 
76 28 -42.19 yes 
77 28 -37.35 yes 
78 28 -34.88 yes 
79 28 -28.16 yes 
80 28 -23.24 yes 
81 28 -16.09 yes 
82 28 -10.72 yes 
52 29 -1.88 yes 
53 29 -13.14 yes 
54 29 -21.24 yes 
55 29 -31.635403 no 
56 29 -38.629733 no 
57 29 -47.309014000000005 no 
58 29 -51.667851 no 
59 29 -56.358453999999995 no 
60 29 -58.345262000000005 no 
61 29 -61.984063 no 
62 29 -62.787543 no 
63 29 -65.579868 no 
64 29 -65.424418 no 
65 29 -67.263677 no 
66 29 -66.258289 no 
67 29 -67.319553 no 
68 29 -65.567043 no 
69 29 -65.736221 no 
70 29 -62.976381 no 
71 29 -62.711134 no 
72 29 -59.783006 no 
73 29 -58.987445 no 
74 29 -56.006213 no 
75 29 -54.470219 no 
76 29 -50.981627 no 
77 29 -48.862828 no 
78 29 -44.789474 no 
79 29 -42.408038999999995 no 
80 29 -36.679 yes 
81 29 -31.91 yes 
82 29 -25.73 yes 
83 29 -20.39 yes 
84 29 -13.72 yes 
54 30 -5.702 yes 
55 30 -14.27 yes 
56 30 -25.39 yes 
57 30 -32.55 yes 
58 30 -42.298871 no 
59 30 -47.215678 no 
60 30 -54.17447 no 
61 30 -56.348906 no 
62 30 -61.168088000000004 no 
63 30 -62.213429 no 
64 30 -66.004018 no 
65 30 -65.912024 no 
66 30 -68.899229 no 
67 30 -67.880376 no 
68 30 -70.007154 no 
69 30 -68.417906 no 
70 30 -69.56474800000001 no 
71 30 -67.328786 no 
72 30 -68.145495 no 
73 30 -65.59341099999999 no 
74 30 -65.75672 no 
75 30 -62.558915999999996 no 
76 30 -62.303024 no 
77 30 -58.789203 no 
78 30 -57.483242 no 
79 30 -53.432302 no 
80 30 -51.648619 no 
81 30 -46.199669 no 
82 30 -42.31396 no 
83 30 -36.29 yes 
84 30 -31.83 yes 
85 30 -25.1 yes 
86 30 -20.062 yes 
56 31 -3.84 yes 
57 31 -15.41 yes 
58 31 -23.54 yes 
59 31 -33.76 yes 
60 31 -39.59 yes 
61 31 -47.134662 no 
62 31 -51.987021999999996 no 
63 31 -56.5471 no 
64 31 -58.832826999999995 no 
65 31 -62.657486 no 
66 31 -63.723729 no 
67 31 -66.87915600000001 no 
68 31 -67.086054 no 
69 31 -69.32782 no 
70 31 -68.91014999999999 no 
71 31 -70.13912699999999 no 
72 31 -68.588284 no 
73 31 -69.699343 no 
74 31 -68.049626 no 
75 31 -68.460639 no 
76 31 -66.296648 no 
77 31 -65.992352 no 
78 31 -63.704085 no 
79 31 -62.548355 no 
80 31 -59.223675 no 
81 31 -57.627962 no 
82 31 -52.930724999999995 no 
83 31 -49.257129 no 
84 31 -44.094136 no 
85 31 -39.744059 no 
86 31 -33.76 yes 
87 31 -28.87 yes 
88 31 -22.39 yes 
58 32 -7.58 yes 
59 32 -16.37 yes 
60 32 -27.53 yes 
61 32 -33.79 yes 
62 32 -42.14 yes 
63 32 -46.921220999999996 no 
64 32 -54.315503 no 
65 32 -56.478223 no 
66 32 -61.607040999999995 no 
67 32 -62.673718 no 
68 32 -66.978799 no 
69 32 -67.100674 no 
70 32 -70.56203599999999 no 
71 32 -69.90665700000001 no 
72 32 -72.58591 no 
73 32 -71.297532 no 
74 32 -73.422451 no 
75 32 -71.856973 no 
76 32 -73.212898 no 
77 32 -71.21287 no 
78 32 -71.862058 no 
79 32 -69.52717999999999 no 
80 32 -69.535314 no 
81 32 -66.291695 no 
82 32 -65.415075 no 
83 32 -60.976442000000006 no 
84 32 -58.148435 no 
85 32 -53.12342700000001 no 
86 32 -49.399927000000005 no 
87 32 -43.59 yes 
88 32 -39.52 yes 
89 32 -33.04 yes 
90 32 -28.47 yes 
60 33 -5.64 yes 
61 33 -17.2 yes 
62 33 -24.42 yes 
63 33 -33.5 yes 
64 33 -39.532 yes 
65 33 -46.937056 no 
66 33 -52.025084 no 
67 33 -56.587232 no 
68 33 -58.894527000000004 no 
69 33 -63.112181 no 
70 33 -64.333973 no 
71 33 -67.89325699999999 no 
72 33 -68.229808 no 
73 33 -70.95275699999999 no 
74 33 -70.860064 no 
75 33 -73.03420299999999 no 
76 33 -72.29138400000001 no 
77 33 -73.916334 no 
78 33 -72.81697 no 
79 33 -73.636081 no 
80 33 -72.214601 no 
81 33 -72.533314 no 
82 33 -70.10542699999999 no 
83 33 -69.669331 no 
84 33 -65.853568 no 
85 33 -63.189152 no 
86 33 -58.96215 no 
87 33 -55.617914 no 
88 33 -50.45 yes 
89 33 -46.53 yes 
90 33 -40.99 yes 
91 33 -36.5 yes 
92 33 -30.38 yes 
63 34 -16.85 yes 
64 34 -26.86 yes 
65 34 -33.02 yes 
66 34 -41.66 yes 
67 34 -46.580294 no 
68 34 -54.189449 no 
69 34 -56.434714 no 
70 34 -61.9299 no 
71 34 -63.146515 no 
72 34 -67.868189 no 
73 34 -68.227396 no 
74 34 -72.21321 no 
75 34 -72.169489 no 
76 34 -75.251959 no 
77 34 -74.599497 no 
78 34 -77.025952 no 
79 34 -75.917466 no 
80 34 -77.759487 no 
81 34 -76.389019 no 
82 34 -77.593895 no 
83 34 -75.34054300000001 no 
84 34 -75.947731 no 
85 34 -72.413645 no 
86 34 -70.503175 no 
87 34 -66.42613300000001 no 
88 34 -63.884203 no 
89 34 -58.992398 no 
90 34 -55.800222999999995 no 
91 34 -50.58013 no 
92 34 -46.724 yes 
93 34 -40.86 yes 
94 34 -36.803 yes 
95 34 -30.46 yes 
65 35 -16.49 yes 
66 35 -23.57 yes 
67 35 -32.53 yes 
68 35 -38.791 yes 
69 35 -46.259478 no 
70 35 -51.425627 no 
71 35 -56.502426 no 
72 35 -59.06175 no 
73 35 -63.645787 no 
74 35 -65.288161 no 
75 35 -69.10702 no 
76 35 -70.28907799999999 no 
77 35 -73.234818 no 
78 35 -73.452168 no 
79 35 -76.068067 no 
80 35 -75.88902499999999 no 
81 35 -77.977051 no 
82 35 -77.498677 no 
83 35 -79.013721 no 
84 35 -77.78309399999999 no 
85 35 -78.575478 no 
86 35 -75.632261 no 
87 35 -73.891685 no 
88 35 -70.715967 no 
89 35 -68.274271 no 
90 35 -64.000306 no 
91 35 -61.107301 no 
92 35 -56.232811999999996 no 
93 35 -52.890235000000004 no 
94 35 -47.65 yes 
95 35 -43.85 yes 
96 35 -38.21 yes 
97 35 -34.0 yes 
98 35 -28.05 yes 
100 36 -34.47 yes 
101 36 -28.58 yes 
67 36 -15.552 yes 
68 36 -25.626 yes 
69 36 -32.14 yes 
70 36 -41.1 yes 
71 36 -46.327211000000005 no 
72 36 -53.940582 no 
73 36 -56.551758 no 
74 36 -62.331844 no 
75 36 -64.323632 no 
76 36 -69.013706 no 
77 36 -70.169451 no 
78 36 -74.178283 no 
79 36 -74.44229 no 
80 36 -77.893455 no 
81 36 -77.696199 no 
82 36 -80.59179509 no 
83 36 -79.99064299999999 no 
84 36 -82.43934527 no 
85 36 -81.480341 no 
86 36 -83.26567593 no 
87 36 -80.709531 no 
88 36 -79.691295 no 
89 36 -76.535795 no 
90 36 -74.959259 no 
91 36 -70.973974 no 
92 36 -68.769329 no 
93 36 -64.136002 no 
94 36 -61.34778 no 
95 36 -56.158919999999995 no 
96 36 -53.081682 no 
97 36 -47.42349900000001 no 
98 36 -44.12 yes 
99 36 -38.4 yes 
100 37 -46.265884 no 
101 37 -42.567417 no 
102 37 -37.252311999999996 no 
103 37 -33.16 yes 
104 37 -27.45 yes 
71 37 -32.29 yes 
72 37 -38.33 yes 
73 37 -46.011610999999995 no 
74 37 -51.916016000000006 no 
75 37 -57.218702 no 
76 37 -60.479089 no 
77 37 -64.8305 no 
78 37 -66.93542699999999 no 
79 37 -70.802778 no 
80 37 -72.17547599999999 no 
81 37 -75.456704 no 
82 37 -76.18781299999999 no 
83 37 -79.070639 no 
84 37 -79.758975 no 
85 37 -82.16734065 no 
86 37 -82.74700299999999 no 
87 37 -84.597802 no 
88 37 -82.609004 no 
89 37 -81.712399 no 
90 37 -79.365573 no 
91 37 -77.745049 no 
92 37 -74.77244999999999 no 
93 37 -72.6199 no 
94 37 -68.562791 no 
95 37 -65.890307 no 
96 37 -61.354351 no 
97 37 -58.519144999999995 no 
98 37 -54.369152 no 
99 37 -51.12115 no 
100 38 -59.817505 no 
101 38 -55.324914 no 
102 38 -52.159311 no 
103 38 -47.28 yes 
104 38 -43.76 yes 
105 38 -38.19 yes 
106 38 -34.3 yes 
107 38 -28.25 yes 
73 38 -31.95 yes 
74 38 -40.827 yes 
75 38 -46.618702 no 
76 38 -54.247645 no 
77 38 -57.803443 no 
78 38 -63.173949 no 
79 38 -65.479664 no 
80 38 -70.31146700000001 no 
81 38 -71.52813400000001 no 
82 38 -76.010062 no 
83 38 -76.79761599999999 no 
84 38 -80.64958 no 
85 38 -81.10328999999999 no 
86 38 -84.52309977 no 
87 38 -84.88007643 no 
88 38 -87.92162876 no 
89 38 -86.209026 no 
90 38 -85.950945 no 
91 38 -83.65195 no 
92 38 -82.867371 no 
93 38 -80.085844 no 
94 38 -78.84572100000001 no 
95 38 -75.117284 no 
96 38 -72.918248 no 
97 38 -68.580674 no 
98 38 -66.422389 no 
99 38 -62.518527 no 
100 39 -67.321241 no 
101 39 -65.05478699999999 no 
102 39 -61.172641000000006 no 
103 39 -58.457034 no 
104 39 -54.08 yes 
105 39 -50.57 yes 
106 39 -45.79 yes 
107 39 -41.97 yes 
108 39 -36.78 yes 
109 39 -32.48 yes 
75 39 -31.82 yes 
76 39 -38.25 yes 
77 39 -46.439 yes 
78 39 -52.173 yes 
79 39 -57.802935 no 
80 39 -61.148162 no 
81 39 -65.712919 no 
82 39 -68.06409699999999 no 
83 39 -72.205672 no 
84 39 -73.894439 no 
85 39 -77.842131 no 
86 39 -79.2831 no 
87 39 -83.018387 no 
88 39 -84.29902899999999 no 
89 39 -87.711202 no 
90 39 -86.496912 no 
91 39 -86.351321 no 
92 39 -84.816494 no 
93 39 -84.227155 no 
94 39 -82.351473 no 
95 39 -81.207937 no 
96 39 -78.329986 no 
97 39 -76.115455 no 
98 39 -72.28874800000001 no 
99 39 -70.64372999999999 no 
100 40 -76.372736 no 
101 40 -73.16098699999999 no 
102 40 -71.58142699999999 no 
103 40 -67.808993 no 
104 40 -65.71766000000001 no 
105 40 -61.458273999999996 no 
106 40 -58.749 yes 
107 40 -54.02 yes 
108 40 -50.95 yes 
109 40 -45.73 yes 
110 40 -42.22 yes 
111 40 -36.48 yes 
112 40 -32.42 yes 
113 40 -26.34 yes 
77 40 -31.6 yes 
78 40 -40.85 yes 
79 40 -46.77 yes 
80 40 -54.76 yes 
81 40 -57.524418 no 
82 40 -63.614063 no 
83 40 -65.911659 no 
84 40 -71.421692 no 
85 40 -73.175196 no 
86 40 -77.969023 no 
87 40 -79.34714699999999 no 
88 40 -83.628874 no 
89 40 -84.87797400000001 no 
90 40 -88.772547 no 
91 40 -87.89559200000001 no 
92 40 -88.459024 no 
93 40 -87.122028 no 
94 40 -87.26933199999999 no 
95 40 -85.65994 no 
96 40 -85.43886 no 
97 40 -82.936693 no 
98 40 -81.281757 no 
99 40 -77.61667 no 
100 41 -79.791246 no 
101 41 -78.891488 no 
102 41 -76.298265 no 
103 41 -75.028667 no 
104 41 -71.810997 no 
105 41 -69.915547 no 
106 41 -66.202678 no 
107 41 -63.723805 no 
108 41 -59.545198 no 
109 41 -56.689800000000005 no 
110 41 -52.309914 no 
111 41 -48.96 yes 
112 41 -44.07 yes 
113 41 -40.21 yes 
114 41 -34.96 yes 
115 41 -30.88 yes 
116 41 -25.23 yes 
79 41 -31.65 yes 
80 41 -38.42 yes 
81 41 -46.36 yes 
82 41 -51.81 yes 
83 41 -57.61291000000001 no 
84 41 -61.193842 no 
85 41 -66.27968399999999 no 
86 41 -69.134061 no 
87 41 -73.874493 no 
88 41 -76.171555 no 
89 41 -80.625755 no 
90 41 -82.661531 no 
91 41 -86.638028 no 
92 41 -86.45329 no 
93 41 -87.21284 no 
94 41 -86.369063 no 
95 41 -86.786272 no 
96 41 -85.60283 no 
97 41 -85.60279700000001 no 
98 41 -83.52461199999999 no 
99 41 -82.33534399999999 no 
100 42 -86.193029 no 
101 42 -83.519952 no 
102 42 -83.56086599999999 no 
103 42 -80.95433100000001 no 
104 42 -80.343748 no 
105 42 -77.330788 no 
106 42 -76.12800299999999 no 
107 42 -72.54497500000001 no 
108 42 -70.74929700000001 no 
109 42 -66.659285 no 
110 42 -64.535814 no 
111 42 -59.939813 no 
112 42 -57.48 yes 
113 42 -52.65 yes 
114 42 -49.68 yes 
115 42 -44.55 yes 
116 42 -41.21 yes 
117 42 -35.689 yes 
118 42 -32.37 yes 
119 42 -26.58 yes 
81 42 -31.46 yes 
82 42 -40.37 yes 
83 42 -46.34 yes 
84 42 -54.17 yes 
85 42 -57.50976 no 
86 42 -64.110927 no 
87 42 -66.884817 no 
88 42 -72.686553 no 
89 42 -75.014944 no 
90 42 -80.17251399999999 no 
91 42 -82.208834 no 
92 42 -86.808587 no 
93 42 -86.807079 no 
94 42 -88.414079 no 
95 42 -87.711872 no 
96 42 -88.794889 no 
97 42 -87.54469999999999 no 
98 42 -88.11598 no 
99 42 -85.970106 no 
100 43 -86.020951 no 
101 43 -86.34459299999999 no 
102 43 -84.57292100000001 no 
103 43 -84.60392 no 
104 43 -82.498969 no 
105 43 -82.286303 no 
106 43 -79.776253 no 
107 43 -78.749967 no 
108 43 -75.922831 no 
109 43 -74.282828 no 
110 43 -71.034564 no 
111 43 -69.024675 no 
112 43 -65.258932 no 
113 43 -62.811549 no 
114 43 -58.600294000000005 no 
115 43 -55.796 yes 
116 43 -51.214 yes 
117 43 -48.14 yes 
118 43 -43.29 yes 
119 43 -40.17 yes 
120 43 -35.0 yes 
121 43 -31.54 yes 
122 43 -26.305 yes 
83 43 -31.32 yes 
84 43 -37.7 yes 
85 43 -45.85 yes 
86 43 -51.57 yes 
87 43 -57.690052 no 
88 43 -61.670301 no 
89 43 -67.394857 no 
90 43 -70.724696 no 
91 43 -75.98665700000001 no 
92 43 -78.925703 no 
93 43 -83.606116 no 
94 43 -84.158332 no 
95 43 -86.021355 no 
96 43 -85.821648 no 
97 43 -87.224436 no 
98 43 -86.432214 no 
99 43 -87.327869 no 
100 44 -89.227391 no 
101 44 -87.958113 no 
102 44 -89.106435 no 
103 44 -87.267168 no 
104 44 -88.095763 no 
105 44 -85.934543 no 
106 44 -86.323253 no 
107 44 -83.862565 no 
108 44 -83.66140399999999 no 
109 44 -80.738455 no 
110 44 -80.072629 no 
111 44 -76.785325 no 
112 44 -75.63087300000001 no 
113 44 -71.867816 no 
114 44 -70.221213 no 
115 44 -66.105296 no 
116 44 -64.068917 no 
117 44 -59.489871 no 
118 44 -57.0 yes 
119 44 -52.08 yes 
120 44 -49.72 yes 
121 44 -44.62 yes 
122 44 -41.78 yes 
123 44 -36.55 yes 
124 44 -33.59 yes 
125 44 -28.37 yes 
85 44 -30.63 yes 
86 44 -39.77 yes 
87 44 -45.73 yes 
88 44 -54.34 yes 
89 44 -58.369424 no 
90 44 -64.883801 no 
91 44 -68.239833 no 
92 44 -74.301211 no 
93 44 -77.216723 no 
94 44 -82.583602 no 
95 44 -83.45775900000001 no 
96 44 -86.08038499999999 no 
97 44 -86.120564 no 
98 44 -88.224871 no 
99 44 -87.625385 no 
100 45 -85.59113 no 
101 45 -87.412428 no 
102 45 -86.783316 no 
103 45 -88.031705 no 
104 45 -86.959344 no 
105 45 -87.85127 no 
106 45 -86.362656 no 
107 45 -86.863711 no 
108 45 -85.031156 no 
109 45 -84.999251 no 
110 45 -82.828693 no 
111 45 -82.303871 no 
112 45 -79.73105199999999 no 
113 45 -78.76694400000001 no 
114 45 -75.710275 no 
115 45 -74.229228 no 
116 45 -70.735742 no 
117 45 -68.896758 no 
118 45 -64.88683999999999 no 
119 45 -62.822802 no 
120 45 -58.62 yes 
121 45 -56.250133999999996 no 
122 45 -51.88 yes 
123 45 -49.19 yes 
124 45 -44.71 yes 
125 45 -41.83 yes 
126 45 -37.2 yes 
127 45 -33.73 yes 
128 45 -27.34 yes 
88 45 -36.86 yes 
89 45 -45.651 yes 
90 45 -51.634 yes 
91 45 -58.57 yes 
92 45 -62.999095000000004 no 
93 45 -69.01181 no 
94 45 -72.907623 no 
95 45 -78.340616 no 
96 45 -79.687732 no 
97 45 -82.597564 no 
98 45 -83.175219 no 
99 45 -85.58452199999999 no 
100 46 -85.21267200000001 no 
101 46 -85.432145 no 
102 46 -87.902963 no 
103 46 -87.45698 no 
104 46 -89.39512300000001 no 
105 46 -88.417905 no 
106 46 -89.907543 no 
107 46 -88.372654 no 
108 46 -89.524215 no 
109 46 -87.606484 no 
110 46 -88.33090399999999 no 
111 46 -85.985886 no 
112 46 -86.321039 no 
113 46 -83.5905 no 
114 46 -83.490346 no 
115 46 -80.425822 no 
116 46 -79.831026 no 
117 46 -76.42389 no 
118 46 -75.388358 no 
119 46 -71.40727700000001 no 
120 46 -70.279604 no 
121 46 -66.182337 no 
122 46 -64.616169 no 
123 46 -60.429748 no 
124 46 -58.4 yes 
125 46 -53.96 yes 
126 46 -51.79 yes 
127 46 -47.22 yes 
128 46 -44.39 yes 
129 46 -37.88 yes 
130 46 -32.73 yes 
131 46 -25.74 yes 
90 46 -39.71 yes 
91 46 -46.17 yes 
92 46 -54.779095 no 
93 46 -58.981809999999996 no 
94 46 -66.102281 no 
95 46 -69.965913 no 
96 46 -76.18342 no 
97 46 -77.805852 no 
98 46 -81.32098500000001 no 
99 46 -82.182861 no 
100 47 -78.137969 no 
101 47 -81.334384 no 
102 47 -82.246702 no 
103 47 -84.80270200000001 no 
104 47 -85.11647 no 
105 47 -87.070848 no 
106 47 -86.94239900000001 no 
107 47 -88.4067 no 
108 47 -87.606792 no 
109 47 -88.719431 no 
110 47 -87.457306 no 
111 47 -88.215447 no 
112 47 -86.583729 no 
113 47 -87.026825 no 
114 47 -84.930811 no 
115 47 -84.982587 no 
116 47 -82.542664 no 
117 47 -82.18191800000001 no 
118 47 -79.55380199999999 no 
119 47 -78.64575900000001 no 
120 47 -75.651512 no 
121 47 -74.402831 no 
122 47 -71.10611800000001 no 
123 47 -69.56858100000001 no 
124 47 -66.229951 no 
125 47 -64.519939 no 
126 47 -60.72 yes 
127 47 -58.65 yes 
128 47 -54.71 yes 
129 47 -51.87 yes 
130 47 -45.898 yes 
131 47 -40.75 yes 
132 47 -34.4 yes 
133 47 -29.08 yes 
92 47 -37.53 yes 
93 47 -46.4 yes 
94 47 -52.402 yes 
95 47 -59.906 yes 
96 47 -64.511645 no 
97 47 -70.904027 no 
98 47 -73.06642500000001 no 
99 47 -76.71248299999999 no 
100 48 -74.194595 no 
101 48 -75.836466 no 
102 48 -79.65970200000001 no 
103 48 -80.65162600000001 no 
104 48 -83.968391 no 
105 48 -84.333849 no 
106 48 -87.132153 no 
107 48 -86.990325 no 
108 48 -89.252423 no 
109 48 -88.50433 no 
110 48 -90.34796899999999 no 
111 48 -89.252247 no 
112 48 -90.57485700000001 no 
113 48 -89.043286 no 
114 48 -90.014934 no 
115 48 -88.08448 no 
116 48 -88.712489 no 
117 48 -86.418397 no 
118 48 -86.701649 no 
119 48 -83.976939 no 
120 48 -83.95736500000001 no 
121 48 -81.073837 no 
122 48 -80.612384 no 
123 48 -77.41418300000001 no 
124 48 -76.699436 no 
125 48 -73.34809 no 
126 48 -72.255727 no 
127 48 -68.741199 no 
128 48 -67.23824499999999 no 
129 48 -63.122142 no 
130 48 -61.117597 no 
131 48 -55.211760000000005 no 
132 48 -50.46542899999999 no 
133 48 -44.14 yes 
134 48 -39.46 yes 
135 48 -32.82 yes 
94 48 -40.44 yes 
95 48 -47.056 yes 
96 48 -55.572 yes 
97 48 -60.734027000000005 no 
98 48 -67.636425 no 
99 48 -69.93113199999999 no 
100 49 -64.178146 no 
101 49 -68.544901 no 
102 49 -70.694896 no 
103 49 -74.632397 no 
104 49 -76.182675 no 
105 49 -79.640582 no 
106 49 -80.60815 no 
107 49 -83.566667 no 
108 49 -84.119828 no 
109 49 -86.489526 no 
110 49 -86.46996899999999 no 
111 49 -88.39205 no 
112 49 -87.99012699999999 no 
113 49 -89.367123 no 
114 49 -88.569807 no 
115 49 -89.53635700000001 no 
116 49 -88.249758 no 
117 49 -88.94303500000001 no 
118 49 -87.228177 no 
119 49 -87.698658 no 
120 49 -85.727741 no 
121 49 -85.834593 no 
122 49 -83.57136100000001 no 
123 49 -83.429034 no 
124 49 -80.867778 no 
125 49 -80.41230800000001 no 
126 49 -77.809377 no 
127 49 -76.879897 no 
128 49 -74.190117 no 
129 49 -72.83488899999999 no 
130 49 -69.90653 no 
131 49 -68.02436900000001 no 
132 49 -62.411553999999995 no 
133 49 -57.69 yes 
134 49 -51.97 yes 
135 49 -47.11 yes 
136 49 -40.97 yes 
137 49 -35.83 yes 
96 49 -38.09 yes 
97 49 -47.39 yes 
98 49 -53.906 yes 
99 49 -61.376 yes 
100 50 -57.148146000000004 no 
101 50 -60.305624 no 
102 50 -64.934896 no 
103 50 -67.092 yes 
104 50 -71.62705700000001 no 
105 50 -73.338001 no 
106 50 -77.35369800000001 no 
107 50 -78.51223900000001 no 
108 50 -82.069949 no 
109 50 -82.63018 no 
110 50 -85.841993 no 
111 50 -85.938581 no 
112 50 -88.655049 no 
113 50 -88.328129 no 
114 50 -90.559735 no 
115 50 -90.03384600000001 no 
116 50 -91.525979 no 
117 50 -90.397742 no 
118 50 -91.65284299999999 no 
119 50 -90.06498500000001 no 
120 50 -91.097741 no 
121 50 -89.19662600000001 no 
122 50 -89.93995299999999 no 
123 50 -87.814683 no 
124 50 -88.231475 no 
125 50 -85.893657 no 
126 50 -86.015135 no 
127 50 -83.469578 no 
128 50 -83.36143 no 
129 50 -80.59059699999999 no 
130 50 -80.132217 no 
131 50 -77.264579 no 
132 50 -76.546554 no 
133 50 -70.87389 no 
134 50 -66.43375900000001 no 
135 50 -60.632252 no 
136 50 -56.17 yes 
137 50 -50.15 yes 
138 50 -45.51 yes 
139 50 -39.31 yes 
140 50 -34.49 yes 
99 50 -47.976 yes 
102 51 -51.1 yes 
103 51 -56.67 yes 
104 51 -59.295 yes 
105 51 -64.015491 no 
106 51 -66.473301 no 
107 51 -70.653248 no 
108 51 -72.445341 no 
109 51 -76.250986 no 
110 51 -77.449745 no 
111 51 -80.836747 no 
112 51 -81.598973 no 
113 51 -84.416966 no 
114 51 -84.49661599999999 no 
115 51 -87.003412 no 
116 51 -86.82202000000001 no 
117 51 -88.639564 no 
118 51 -87.99620399999999 no 
119 51 -89.475539 no 
120 51 -88.417133 no 
121 51 -89.599157 no 
122 51 -88.334205 no 
123 51 -89.22288999999999 no 
124 51 -87.619069 no 
125 51 -88.255094 no 
126 51 -86.393135 no 
127 51 -86.69829399999999 no 
128 51 -84.629852 no 
129 51 -84.629384 no 
130 51 -82.28568700000001 no 
131 51 -81.98141199999999 no 
132 51 -79.635282 no 
133 51 -78.923513 no 
134 51 -74.019004 no 
135 51 -69.690332 no 
136 51 -64.50689 no 
137 51 -60.060392 no 
138 51 -54.65 yes 
139 51 -50.05 yes 
140 51 -44.39 yes 
141 51 -39.54 yes 
142 51 -33.61 yes 
104 52 -49.626830999999996 no 
105 52 -52.811509 no 
106 52 -58.219758999999996 no 
107 52 -60.657 yes 
108 52 -65.781676 no 
109 52 -67.715399 no 
110 52 -72.229821 no 
111 52 -73.587487 no 
112 52 -77.56751799999999 no 
113 52 -78.347037 no 
114 52 -81.88967600000001 no 
115 52 -82.06276700000001 no 
116 52 -85.263793 no 
117 52 -85.0955 no 
118 52 -87.690758 no 
119 52 -87.182539 no 
120 52 -89.36216 no 
121 52 -88.54311100000001 no 
122 52 -90.313282 no 
123 52 -89.170978 no 
124 52 -90.52414200000001 no 
125 52 -89.021794 no 
126 52 -90.06416800000001 no 
127 52 -88.280497 no 
128 52 -88.993794 no 
129 52 -87.004884 no 
130 52 -87.35296000000001 no 
131 52 -85.211022 no 
132 52 -85.188197 no 
133 52 -82.937133 no 
134 52 -82.53375199999999 no 
135 52 -77.72878999999999 no 
136 52 -74.42527899999999 no 
137 52 -69.303762 no 
138 52 -65.695995 no 
139 52 -60.20508 no 
140 52 -56.367449 no 
141 52 -50.67 yes 
142 52 -46.55 yes 
143 52 -40.53 yes 
144 52 -36.22 yes 
145 52 -30.01 yes 
106 53 -43.3 yes 
107 53 -49.43 yes 
108 53 -52.771 yes 
109 53 -57.672504999999994 no 
110 53 -60.467844 no 
111 53 -64.953795 no 
112 53 -67.06333900000001 no 
113 53 -71.119517 no 
114 53 -72.638935 no 
115 53 -76.33780499999999 no 
116 53 -77.420654 no 
117 53 -80.438568 no 
118 53 -80.97105599999999 no 
119 53 -83.777731 no 
120 53 -83.74716000000001 no 
121 53 -86.245649 no 
122 53 -86.079282 no 
123 53 -87.942588 no 
124 53 -87.364555 no 
125 53 -88.83602400000001 no 
126 53 -87.910496 no 
127 53 -88.98321700000001 no 
128 53 -87.73803 no 
129 53 -88.507176 no 
130 53 -86.936188 no 
131 53 -87.442727 no 
132 53 -85.70350199999999 no 
133 53 -85.85730199999999 no 
134 53 -84.04344 no 
135 53 -83.77918 no 
136 53 -79.545225 no 
137 53 -76.356268 no 
138 53 -71.97991 no 
139 53 -68.47096400000001 no 
140 53 -63.606223 no 
141 53 -59.926666 no 
142 53 -54.802969 no 
143 53 -50.79 yes 
144 53 -45.33 yes 
145 53 -41.13 yes 
146 53 -35.54 yes 
147 53 -31.2 yes 
108 54 -42.632357000000006 no 
109 54 -46.169546000000004 no 
110 54 -51.922636 no 
111 54 -54.52 yes 
112 54 -60.026348 no 
113 54 -62.203626 no 
114 54 -67.08589900000001 no 
115 54 -68.656757 no 
116 54 -73.046877 no 
117 54 -74.185347 no 
118 54 -78.079067 no 
119 54 -78.794488 no 
120 54 -82.172434 no 
121 54 -82.480997 no 
122 54 -85.35498799999999 no 
123 54 -85.248258 no 
124 54 -87.667405 no 
125 54 -87.19936100000001 no 
126 54 -89.14638687 no 
127 54 -88.320883 no 
128 54 -89.86053427 no 
129 54 -88.69606974999999 no 
130 54 -89.880474 no 
131 54 -88.41357492 no 
132 54 -89.27897451 no 
133 54 -87.64358299999999 no 
134 54 -88.12583443 no 
135 54 -86.413365 no 
136 54 -86.42917 no 
137 54 -82.383414 no 
138 54 -79.972244 no 
139 54 -75.64458599999999 no 
140 54 -72.98646099999999 no 
141 54 -68.19730899999999 no 
142 54 -65.229648 no 
143 54 -60.202881999999995 no 
144 54 -56.872301 no 
145 54 -51.493337 no 
146 54 -47.95495 no 
147 54 -42.4 yes 
148 54 -38.65 yes 
149 54 -33.0 yes 
150 54 -28.99 yes 
111 55 -42.9 yes 
112 55 -46.415 yes 
113 55 -51.764539 no 
114 55 -54.685928 no 
115 55 -59.699 yes 
116 55 -62.043 yes 
117 55 -66.493101 no 
118 55 -68.40937699999999 no 
119 55 -72.305061 no 
120 55 -73.888649 no 
121 55 -77.10234200000001 no 
122 55 -78.144769 no 
123 55 -81.04365700000001 no 
124 55 -81.74106 no 
125 55 -84.089742 no 
126 55 -84.350683 no 
127 55 -86.240027 no 
128 55 -85.931773 no 
129 55 -87.49905 no 
130 55 -86.899754 no 
131 55 -88.055574 no 
132 55 -87.152693 no 
133 55 -88.070943 no 
134 55 -86.89116499999999 no 
135 55 -87.581956 no 
136 55 -86.338855 no 
137 55 -86.545772 no 
138 55 -82.887028 no 
139 55 -80.701088 no 
140 55 -77.04973799999999 no 
141 55 -74.477351 no 
142 55 -70.514556 no 
143 55 -67.675519 no 
144 55 -63.271362 no 
145 55 -60.054424 no 
146 55 -55.310379999999995 no 
147 55 -51.920072999999995 no 
148 55 -46.91095 no 
149 55 -43.3 yes 
150 55 -38.17 yes 
151 55 -34.28 yes 
152 55 -29.13 yes 
113 56 -39.71 yes 
114 56 -45.905437 no 
115 56 -48.92 yes 
116 56 -54.38 yes 
117 56 -57.457906 no 
118 56 -62.2 yes 
119 56 -64.590096 no 
120 56 -68.888649 no 
121 56 -70.744847 no 
122 56 -74.608952 no 
123 56 -75.65496300000001 no 
124 56 -79.08978599999999 no 
125 56 -79.668976 no 
126 56 -82.669913 no 
127 56 -82.817955 no 
128 56 -85.369156 no 
129 56 -85.06086599999999 no 
130 56 -87.256776 no 
131 56 -86.678958 no 
132 56 -88.434903 no 
133 56 -87.553512 no 
134 56 -88.950002 no 
135 56 -87.850655 no 
136 56 -88.887079 no 
137 56 -87.721401 no 
138 56 -88.26180599999999 no 
139 56 -84.91391800000001 no 
140 56 -83.267905 no 
141 56 -79.732492 no 
142 56 -77.842257 no 
143 56 -73.937205 no 
144 56 -71.76713000000001 no 
145 56 -67.516183 no 
146 56 -64.866269 no 
147 56 -60.264036 no 
148 56 -57.544911 no 
149 56 -52.83062 no 
150 56 -49.889799 no 
151 56 -44.94 yes 
152 56 -41.61 yes 
153 56 -36.47 yes 
154 56 -32.92 yes 
116 57 -40.05 yes 
117 57 -46.271 yes 
118 57 -49.62 yes 
119 57 -55.02 yes 
120 57 -57.57 yes 
121 57 -62.19 yes 
122 57 -64.543 yes 
123 57 -68.651 yes 
124 57 -70.258617 no 
125 57 -73.759492 no 
126 57 -74.97347599999999 no 
127 57 -77.89611599999999 no 
128 57 -78.625439 no 
129 57 -81.32354099999999 no 
130 57 -81.627374 no 
131 57 -83.769265 no 
132 57 -83.72357799999999 no 
133 57 -85.494392 no 
134 57 -85.218659 no 
135 57 -86.643458 no 
136 57 -86.037488 no 
137 57 -87.140865 no 
138 57 -86.513408 no 
139 57 -87.222381 no 
140 57 -84.31205899999999 no 
141 57 -82.929844 no 
142 57 -80.02395 no 
143 57 -78.171467 no 
144 57 -74.84966 no 
145 57 -72.835325 no 
146 57 -69.221174 no 
147 57 -66.678397 no 
148 57 -62.708742 no 
149 57 -60.219921 no 
150 57 -56.311147 no 
151 57 -53.310339 no 
152 57 -49.29 yes 
153 57 -46.06 yes 
154 57 -41.53 yes 
155 57 -37.93 yes 
156 57 -33.05 yes 
157 57 -29.07 yes 
119 58 -43.82 yes 
120 58 -49.73 yes 
121 58 -52.69 yes 
122 58 -57.874 yes 
123 58 -60.286 yes 
124 58 -64.916 yes 
125 58 -66.658 yes 
126 58 -70.820565 no 
127 58 -71.979344 no 
128 58 -75.533925 no 
129 58 -76.287504 no 
130 58 -79.422913 no 
131 58 -79.708448 no 
132 58 -82.468688 no 
133 58 -82.418223 no 
134 58 -84.832898 no 
135 58 -84.616308 no 
136 58 -86.50855 no 
137 58 -85.918765 no 
138 58 -87.565867 no 
139 58 -86.957741 no 
140 58 -88.074227 no 
141 58 -85.43105800000001 no 
142 58 -84.532896 no 
143 58 -81.60637799999999 no 
144 58 -80.43194199999999 no 
145 58 -77.067059 no 
146 58 -75.625868 no 
147 58 -72.013902 no 
148 58 -70.398424 no 
149 58 -66.669921 no 
150 58 -64.846863 no 
151 58 -61.225058 no 
152 58 -58.98 yes 
153 58 -54.91 yes 
154 58 -52.22 yes 
155 58 -47.78 yes 
156 58 -44.82 yes 
157 58 -39.93 yes 
158 58 -36.54 yes 
159 58 -31.34 yes 
121 59 -41.551 yes 
122 59 -44.78 yes 
123 59 -50.23 yes 
124 59 -53.151 yes 
125 59 -58.07 yes 
126 59 -60.324 yes 
127 59 -64.543 yes 
128 59 -66.330764 no 
129 59 -69.773566 no 
130 59 -71.175464 no 
131 59 -74.300664 no 
132 59 -75.22746400000001 no 
133 59 -77.937591 no 
134 59 -78.528 no 
135 59 -80.935872 no 
136 59 -81.340421 no 
137 59 -83.201814 no 
138 59 -83.128867 no 
139 59 -84.828652 no 
140 59 -84.686227 no 
141 59 -86.014533 no 
142 59 -83.786367 no 
143 59 -83.06819999999999 no 
144 59 -80.75058800000001 no 
145 59 -79.62599 no 
146 59 -76.67348600000001 no 
147 59 -75.444093 no 
148 59 -72.535452 no 
149 59 -71.03937300000001 no 
150 59 -68.300509 no 
151 59 -66.779681 no 
152 59 -63.75807 no 
153 59 -61.56849 no 
154 59 -57.859602 no 
155 59 -55.415335 no 
156 59 -51.449307 no 
157 59 -48.434805999999995 no 
158 59 -44.15 yes 
159 59 -40.77 yes 
160 59 -36.2 yes 
161 59 -32.49 yes 
124 60 -44.83 yes 
125 60 -48.07 yes 
126 60 -53.38 yes 
127 60 -55.91 yes 
128 60 -60.53 yes 
129 60 -62.375 yes 
130 60 -66.596239 no 
131 60 -67.76804 no 
132 60 -71.425815 no 
133 60 -72.33238 no 
134 60 -75.646443 no 
135 60 -76.21361999999999 no 
136 60 -79.199297 no 
137 60 -79.583969 no 
138 60 -82.017182 no 
139 60 -82.01692999999999 no 
140 60 -84.257246 no 
141 60 -84.19152 no 
142 60 -85.95005499999999 no 
143 60 -84.00231 no 
144 60 -83.748028 no 
145 60 -81.432004 no 
146 60 -80.925916 no 
147 60 -78.146794 no 
148 60 -77.408066 no 
149 60 -74.375535 no 
150 60 -73.679951 no 
151 60 -70.943183 no 
152 60 -70.149663 no 
153 60 -67.33038 no 
154 60 -65.579602 no 
155 60 -62.283796 no 
156 60 -60.20213 no 
157 60 -56.494116999999996 no 
158 60 -53.835123 no 
159 60 -49.724007 no 
160 60 -46.724515 no 
161 60 -42.23 yes 
162 60 -39.01 yes 
163 60 -34.08 yes 
126 61 -39.75 yes 
127 61 -45.31 yes 
128 61 -48.22 yes 
129 61 -53.18 yes 
130 61 -55.47 yes 
131 61 -59.77 yes 
132 61 -61.628 yes 
133 61 -65.407653 no 
134 61 -66.763908 no 
135 61 -70.06232899999999 no 
136 61 -71.169923 no 
137 61 -74.072858 no 
138 61 -74.91436999999999 no 
139 61 -77.501028 no 
140 61 -78.212046 no 
141 61 -80.522932 no 
142 61 -81.14153599999999 no 
143 61 -82.96066400000001 no 
144 61 -81.41611599999999 no 
145 61 -81.267506 no 
146 61 -79.45436 no 
147 61 -79.041984 no 
148 61 -76.865877 no 
149 61 -76.064404 no 
150 61 -73.597336 no 
151 61 -73.38626 no 
152 61 -71.25446799999999 no 
153 61 -70.648003 no 
154 61 -68.266602 no 
155 61 -66.940006 no 
156 61 -64.166847 no 
157 61 -62.297116 no 
158 61 -59.106142999999996 no 
159 61 -56.554351000000004 no 
160 61 -52.894639000000005 no 
161 61 -50.086589 no 
162 61 -46.04 yes 
163 61 -42.96 yes 
164 61 -38.36 yes 
165 61 -34.67 yes 
128 62 -39.15 yes 
129 62 -42.33 yes 
130 62 -47.7 yes 
131 62 -50.28 yes 
132 62 -55.14 yes 
133 62 -57.231 yes 
134 62 -61.376 yes 
135 62 -62.857222 no 
136 62 -66.810899 no 
137 62 -67.991655 no 
138 62 -71.497772 no 
139 62 -72.380229 no 
140 62 -75.45594500000001 no 
141 62 -75.933959 no 
142 62 -78.98192999999999 no 
143 62 -79.517135 no 
144 62 -81.965626 no 
145 62 -80.651407 no 
146 62 -80.99636 no 
147 62 -79.266048 no 
148 62 -79.336067 no 
149 62 -77.135898 no 
150 62 -77.05133599999999 no 
151 62 -74.57647999999999 no 
152 62 -74.76297699999999 no 
153 62 -72.560059 no 
154 62 -72.455564 no 
155 62 -70.19120600000001 no 
156 62 -69.360735 no 
157 62 -66.67765399999999 no 
158 62 -65.251849 no 
159 62 -62.207849 no 
160 62 -60.233171999999996 no 
161 62 -56.672042999999995 no 
162 62 -54.379053 no 
163 62 -50.599612 no 
164 62 -47.925314 no 
165 62 -43.51 yes 
166 62 -40.45 yes 
167 62 -35.33 yes 
168 62 -31.64 yes 
130 63 -33.513 yes 
131 63 -39.464 yes 
132 63 -42.2 yes 
133 63 -47.236 yes 
134 63 -49.8 yes 
135 63 -54.148 yes 
136 63 -56.244 yes 
137 63 -60.145904 no 
138 63 -61.749676 no 
139 63 -65.398051 no 
140 63 -66.985945 no 
141 63 -69.925647 no 
142 63 -71.30892999999999 no 
143 63 -74.241311 no 
144 63 -75.619175 no 
145 63 -77.991524 no 
146 63 -77.117603 no 
147 63 -77.544611 no 
148 63 -76.297482 no 
149 63 -76.441317 no 
150 63 -74.79236900000001 no 
151 63 -74.653098 no 
152 63 -72.8885 no 
153 63 -73.36746600000001 no 
154 63 -71.738367 no 
155 63 -71.818337 no 
156 63 -70.082844 no 
157 63 -69.459134 no 
158 63 -67.270461 no 
159 63 -66.043386 no 
160 63 -63.493449 no 
161 63 -61.791601 no 
162 63 -58.722944000000005 no 
163 63 -56.573819 no 
164 63 -53.232146 no 
165 63 -50.729103 no 
166 63 -46.749 yes 
167 63 -43.77 yes 
168 63 -39.25 yes 
169 63 -35.66 yes 
170 63 -30.86 yes 
133 64 -36.06 yes 
134 64 -41.53 yes 
135 64 -44.25 yes 
136 64 -49.09 yes 
137 64 -51.214 yes 
138 64 -55.66 yes 
139 64 -57.632 yes 
140 64 -61.782278 no 
141 64 -63.224231 no 
142 64 -66.95952199999999 no 
143 64 -68.231311 no 
144 64 -71.759511 no 
145 64 -72.926626 no 
146 64 -76.085823 no 
147 64 -75.356928 no 
148 64 -76.269419 no 
149 64 -75.127173 no 
150 64 -75.76405100000001 no 
151 64 -74.18892 no 
152 64 -74.70730400000001 no 
153 64 -72.88294400000001 no 
154 64 -73.706358 no 
155 64 -72.070298 no 
156 64 -72.535333 no 
157 64 -70.82389599999999 no 
158 64 -70.68996899999999 no 
159 64 -68.561857 no 
160 64 -67.94206 no 
161 64 -65.506142 no 
162 64 -64.28072 no 
163 64 -61.388591 no 
164 64 -59.693688 no 
165 64 -56.525782 no 
166 64 -54.370926 no 
167 64 -50.775732000000005 no 
168 64 -48.15 yes 
169 64 -43.89 yes 
170 64 -40.85 yes 
171 64 -36.21 yes 
172 64 -32.97 yes 
135 65 -33.053 yes 
136 65 -35.9 yes 
137 65 -40.967 yes 
138 65 -43.6 yes 
139 65 -48.13 yes 
140 65 -50.482278 no 
141 65 -54.540843 no 
142 65 -56.559521999999994 no 
143 65 -60.419192 no 
144 65 -62.368188 no 
145 65 -66.399693 no 
146 65 -67.763644 no 
147 65 -70.742674 no 
148 65 -70.536947 no 
149 65 -71.48863899999999 no 
150 65 -71.105789 no 
151 65 -71.623541 no 
152 65 -70.717304 no 
153 65 -71.31361 no 
154 65 -70.156707 no 
155 65 -71.250439 no 
156 65 -70.09101 no 
157 65 -70.763848 no 
158 65 -69.470883 no 
159 65 -69.53258199999999 no 
160 65 -67.836474 no 
161 65 -67.46177800000001 no 
162 65 -65.879548 no 
163 65 -64.595754 no 
164 65 -62.104983 no 
165 65 -60.588849 no 
166 65 -57.808778 no 
167 65 -55.883082 no 
168 65 -52.781181 no 
169 65 -50.48 yes 
170 65 -46.71 yes 
171 65 -43.77 yes 
172 65 -39.69 yes 
173 65 -36.51 yes 
174 65 -31.97 yes 
138 66 -34.931 yes 
139 66 -37.7 yes 
140 66 -42.83 yes 
141 66 -45.382 yes 
142 66 -50.12 yes 
143 66 -52.168949 no 
144 66 -56.570091 no 
145 66 -58.24260700000001 no 
146 66 -62.554928 no 
147 66 -64.196047 no 
148 66 -67.859397 no 
149 66 -67.69399 no 
150 66 -69.309618 no 
151 66 -68.75238800000001 no 
152 66 -70.117963 no 
153 66 -69.143197 no 
154 66 -70.394015 no 
155 66 -69.155939 no 
156 66 -70.529386 no 
157 66 -69.424669 no 
158 66 -70.407152 no 
159 66 -69.16722 no 
160 66 -69.672425 no 
161 66 -68.05549400000001 no 
162 66 -68.181169 no 
163 66 -66.38085799999999 no 
164 66 -65.96764900000001 no 
165 66 -63.612289 no 
166 66 -62.584471 no 
167 66 -59.911451 no 
168 66 -58.558398000000004 no 
169 66 -55.59601 no 
170 66 -53.71 yes 
171 66 -50.01 yes 
172 66 -47.76 yes 
173 66 -43.74 yes 
174 66 -41.13 yes 
175 66 -36.73 yes 
176 66 -33.61 yes 
140 67 -29.317 yes 
141 67 -34.364 yes 
142 67 -37.25 yes 
143 67 -42.048 yes 
144 67 -44.609521 no 
145 67 -49.120112999999996 no 
146 67 -51.238227 no 
147 67 -55.757101000000006 no 
148 67 -57.991166 no 
149 67 -61.645854 no 
150 67 -61.945892 no 
151 67 -63.622746 no 
152 67 -63.604636 no 
153 67 -65.012074 no 
154 67 -64.639378 no 
155 67 -66.039799 no 
156 67 -65.538403 no 
157 67 -66.83286199999999 no 
158 67 -66.18739599999999 no 
159 67 -67.32961999999999 no 
160 67 -66.382425 no 
161 67 -67.196294 no 
162 67 -66.04056299999999 no 
163 67 -66.378027 no 
164 67 -64.980517 no 
165 67 -64.898017 no 
166 67 -63.070339 no 
167 67 -62.279459 no 
168 67 -60.059231 no 
169 67 -58.79601 no 
170 67 -56.237514000000004 no 
171 67 -54.517822 no 
172 67 -51.484 yes 
173 67 -49.351 yes 
174 67 -45.87 yes 
175 67 -43.3 yes 
176 67 -39.39 yes 
177 67 -36.28 yes 
178 67 -32.13 yes 
142 68 -27.93 yes 
143 68 -31.16 yes 
144 68 -36.608 yes 
145 68 -39.24 yes 
146 68 -44.322019 no 
147 68 -46.607814 no 
148 68 -51.478997 no 
149 68 -53.741621 no 
150 68 -57.831323 no 
151 68 -58.26629 no 
152 68 -60.500218000000004 no 
153 68 -60.466682 no 
154 68 -62.604974 no 
155 68 -62.209171999999995 no 
156 68 -64.211683 no 
157 68 -63.413648 no 
158 68 -65.303815 no 
159 68 -64.56112 no 
160 68 -66.064176 no 
161 68 -65.20129800000001 no 
162 68 -66.33421000000001 no 
163 68 -65.167413 no 
164 68 -65.94257300000001 no 
165 68 -64.521353 no 
166 68 -64.924145 no 
167 68 -63.289256 no 
168 68 -62.989231 no 
169 68 -60.921163 no 
170 68 -60.107514 no 
171 68 -57.717822 no 
172 68 -56.482578000000004 no 
173 68 -53.654 yes 
174 68 -51.949 yes 
175 68 -48.652 yes 
176 68 -46.631 yes 
177 68 -42.858 yes 
178 68 -40.26 yes 
179 68 -36.08 yes 
180 68 -33.18 yes 
144 69 -22.159 yes 
145 69 -27.583 yes 
146 69 -31.055 yes 
147 69 -35.974407 no 
148 69 -38.765034 no 
149 69 -43.94 yes 
150 69 -46.491 yes 
151 69 -50.771612999999995 no 
152 69 -51.720279000000005 no 
153 69 -53.97261 no 
154 69 -54.427141999999996 no 
155 69 -56.625921000000005 no 
156 69 -56.834417 no 
157 69 -58.709279 no 
158 69 -58.703199999999995 no 
159 69 -60.570404 no 
160 69 -60.301036999999994 no 
161 69 -61.898714999999996 no 
162 69 -61.477482 no 
163 69 -62.728413 no 
164 69 -61.908943 no 
165 69 -62.930023999999996 no 
166 69 -61.886478000000004 no 
167 69 -62.543116999999995 no 
168 69 -61.312379 no 
169 69 -61.274654000000005 no 
170 69 -59.795314 no 
171 69 -59.210271 no 
172 69 -57.373554 no 
173 69 -56.256067 no 
174 69 -53.864521 no 
175 69 -52.310556 no 
176 69 -49.371322 no 
177 69 -47.57 yes 
178 69 -44.24 yes 
179 69 -41.9 yes 
180 69 -38.17 yes 
181 69 -35.44 yes 
182 69 -31.49 yes 
148 70 -30.23 yes 
149 70 -33.33 yes 
150 70 -38.83 yes 
151 70 -41.542352 no 
152 70 -46.270386 no 
153 70 -47.16 yes 
154 70 -49.932093 no 
155 70 -50.502614 no 
156 70 -53.265538 no 
157 70 -53.419912 no 
158 70 -56.009620000000005 no 
159 70 -55.833517 no 
160 70 -58.163227 no 
161 70 -57.834248 no 
162 70 -59.821163 no 
163 70 -59.293878 no 
164 70 -61.012171 no 
165 70 -60.295387999999996 no 
166 70 -61.593706 no 
167 70 -60.5899 no 
168 70 -61.579867 no 
169 70 -60.375527000000005 no 
170 70 -60.763929 no 
171 70 -59.306818 no 
172 70 -59.255455999999995 no 
173 70 -57.551233999999994 no 
174 70 -56.944521 no 
175 70 -54.695555999999996 no 
176 70 -53.491322 no 
177 70 -50.986404 no 
178 70 -49.677139000000004 no 
179 70 -46.64 yes 
180 70 -44.72 yes 
181 70 -41.088 yes 
182 70 -38.9 yes 
183 70 -35.0 yes 
184 70 -32.6 yes 
185 70 -28.48 yes 
150 71 -24.771 yes 
151 71 -30.3 yes 
152 71 -33.422 yes 
153 71 -38.375462 no 
154 71 -39.667 yes 
155 71 -42.545055999999995 no 
156 71 -43.69955 no 
157 71 -46.439818 no 
158 71 -47.212199999999996 no 
159 71 -49.708608999999996 no 
160 71 -50.269942 no 
161 71 -52.562349000000005 no 
162 71 -52.831759 no 
163 71 -54.791415 no 
164 71 -54.642376 no 
165 71 -56.442248 no 
166 71 -56.020987 no 
167 71 -57.526281000000004 no 
168 71 -57.072832000000005 no 
169 71 -58.082527 no 
170 71 -57.306233999999996 no 
171 71 -57.828464999999994 no 
172 71 -56.736076000000004 no 
173 71 -56.881014 no 
174 71 -55.570292 no 
175 71 -55.165678 no 
176 71 -53.382332999999996 no 
177 71 -52.383903 no 
178 71 -50.337881 no 
179 71 -49.059013 no 
180 71 -46.676476 no 
181 71 -44.797413999999996 no 
182 71 -41.77 yes 
183 71 -39.716114000000005 no 
184 71 -36.3 yes 
185 71 -33.96 yes 
186 71 -30.32 yes 
187 71 -27.77 yes 
188 71 -23.82 yes 
153 72 -27.3 yes 
154 72 -32.73 yes 
155 72 -34.31 yes 
156 72 -37.819514000000005 no 
157 72 -38.855 yes 
158 72 -42.102399 no 
159 72 -42.852606 no 
160 72 -45.938747000000006 no 
161 72 -46.315817 no 
162 72 -49.168426 no 
163 72 -49.26932 no 
164 72 -51.818356 no 
165 72 -51.635512999999996 no 
166 72 -53.858989 no 
167 72 -53.467760999999996 no 
168 72 -55.360557 no 
169 72 -54.716894999999994 no 
170 72 -56.25386 no 
171 72 -55.431351 no 
172 72 -56.402232000000005 no 
173 72 -55.41179 no 
174 72 -55.844583 no 
175 72 -54.481763 no 
176 72 -54.576428 no 
177 72 -52.880745000000005 no 
178 72 -52.435366 no 
179 72 -50.463036 no 
180 72 -49.779476 no 
181 72 -47.402958 no 
182 72 -46.049636 no 
183 72 -43.283547 no 
184 72 -41.499453 no 
185 72 -38.319804 no 
186 72 -36.424214 no 
187 72 -33.0 yes 
188 72 -30.83 yes 
189 72 -27.15 yes 
190 72 -24.8 yes 
155 73 -23.988 yes 
156 73 -26.001 yes 
157 73 -29.595948 no 
158 73 -31.118 yes 
159 73 -34.439157 no 
160 73 -35.823699999999995 no 
161 73 -38.778575 no 
162 73 -39.781405 no 
163 73 -42.534634 no 
164 73 -43.282805 no 
165 73 -45.847872 no 
166 73 -46.09778 no 
167 73 -48.351064 no 
168 73 -48.393913 no 
169 73 -50.290434999999995 no 
170 73 -50.13767 no 
171 73 -51.720279000000005 no 
172 73 -51.329983 no 
173 73 -52.396543 no 
174 73 -51.740771 no 
175 73 -52.408653 no 
176 73 -51.365379000000004 no 
177 73 -51.714745 no 
178 73 -50.598 yes 
179 73 -50.357456 no 
180 73 -48.933631 no 
181 73 -48.439064 no 
182 73 -46.430685 no 
183 73 -45.293547 no 
184 73 -42.839453 no 
185 73 -41.394371 no 
186 73 -38.607602 no 
187 73 -36.89555 no 
188 73 -33.91 yes 
189 73 -31.96 yes 
190 73 -28.72 yes 
191 73 -26.52 yes 
192 73 -23.1 yes 
193 73 -20.81 yes 
194 73 -17.13 yes 
157 74 -19.69 yes 
158 74 -23.693 yes 
159 74 -25.434 yes 
160 74 -29.329073 no 
161 74 -30.507 yes 
162 74 -33.999216999999994 no 
163 74 -34.908439 no 
164 74 -38.235555 no 
165 74 -38.861316 no 
166 74 -41.887471 no 
167 74 -42.093212 no 
168 74 -44.89293 no 
169 74 -44.917866000000004 no 
170 74 -47.290803999999994 no 
171 74 -47.086095 no 
172 74 -49.097191 no 
173 74 -48.727388 no 
174 74 -50.227093 no 
175 74 -49.6328 no 
176 74 -50.641608 no 
177 74 -49.701731 no 
178 74 -50.407066 no 
179 74 -49.295247 no 
180 74 -49.636243 no 
181 74 -48.233945 no 
182 74 -48.246144 no 
183 74 -46.365663 no 
184 74 -45.705453 no 
185 74 -43.387871 no 
186 74 -42.508601999999996 no 
187 74 -39.904044 no 
188 74 -38.66788 no 
189 74 -35.809 yes 
190 74 -34.368832000000005 no 
191 74 -31.176175999999998 no 
192 74 -29.62 yes 
193 74 -26.19 yes 
194 74 -24.41 yes 
195 74 -20.74 yes 
196 74 -18.74 yes 
197 74 -14.87 yes 
159 75 -14.805 yes 
160 75 -16.878 yes 
161 75 -20.84282 no 
162 75 -22.453 yes 
163 75 -26.002253 no 
164 75 -27.472441 no 
165 75 -30.659353 no 
166 75 -31.837335 no 
167 75 -34.834 yes 
168 75 -35.794889000000005 no 
169 75 -38.409247 no 
170 75 -38.903996 no 
171 75 -41.250285000000005 no 
172 75 -41.566839 no 
173 75 -43.55387 no 
174 75 -43.673101 no 
175 75 -45.288312 no 
176 75 -45.062889999999996 no 
177 75 -46.269175000000004 no 
178 75 -45.653457 no 
179 75 -46.584312 no 
180 75 -45.837364 no 
181 75 -46.51741199999999 no 
182 75 -45.446144 no 
183 75 -45.809663 no 
184 75 -44.219819 no 
185 75 -43.819047 no 
186 75 -41.92732 no 
187 75 -41.216548 no 
188 75 -39.01688 no 
189 75 -37.979097 no 
190 75 -35.583014999999996 no 
191 75 -34.350408 no 
192 75 -31.588828000000003 no 
193 75 -30.231641 no 
194 75 -27.26 yes 
195 75 -25.56 yes 
196 75 -22.36 yes 
197 75 -20.35 yes 
198 75 -16.99 yes 
199 75 -14.73 yes 
161 76 -10.196 yes 
162 76 -14.5 yes 
163 76 -16.336 yes 
164 76 -20.424723 no 
165 76 -21.747 yes 
166 76 -25.431526 no 
167 76 -26.49886 no 
168 76 -29.994995 no 
169 76 -30.722984 no 
170 76 -33.925692000000005 no 
171 76 -34.297238 no 
172 76 -37.243641000000004 no 
173 76 -37.43825 no 
174 76 -39.995383000000004 no 
175 76 -40.10536 no 
176 76 -42.131184000000005 no 
177 76 -41.956447999999995 no 
178 76 -43.544243 no 
179 76 -43.020137000000005 no 
180 76 -44.356198 no 
181 76 -43.549968 no 
182 76 -44.609109 no 
183 76 -43.66376 no 
184 76 -44.252565000000004 no 
185 76 -42.805908 no 
186 76 -43.000032 no 
187 76 -41.219015 no 
188 76 -41.137301 no 
189 76 -38.986802000000004 no 
190 76 -38.707825 no 
191 76 -36.395239000000004 no 
192 76 -35.882303 no 
193 76 -33.394400999999995 no 
194 76 -32.435176 no 
195 76 -29.511596 no 
196 76 -28.277123 no 
197 76 -25.08 yes 
198 76 -23.6 yes 
199 76 -20.27 yes 
200 76 -18.55 yes 
201 76 -14.84 yes 
202 76 -12.53 yes 
203 76 -7.27 yes 
163 77 -5.31 yes 
164 77 -7.483 yes 
165 77 -11.595 yes 
166 77 -13.306 yes 
167 77 -17.072448 no 
168 77 -18.66623 no 
169 77 -22.093416 no 
170 77 -23.182 yes 
171 77 -26.412029999999998 no 
172 77 -27.379373 no 
173 77 -30.268455999999997 no 
174 77 -30.785937 no 
175 77 -33.394511 no 
176 77 -33.881923 no 
177 77 -36.047425000000004 no 
178 77 -36.254314 no 
179 77 -38.081719 no 
180 77 -37.97753 no 
181 77 -39.463035000000005 no 
182 77 -39.051682 no 
183 77 -40.202138 no 
184 77 -39.610855 no 
185 77 -40.335558 no 
186 77 -39.17235 no 
187 77 -39.549377 no 
188 77 -38.344955 no 
189 77 -38.449652 no 
190 77 -36.753614 no 
191 77 -36.708826 no 
192 77 -34.835631 no 
193 77 -34.536305 no 
194 77 -32.531776 no 
195 77 -31.692318 no 
196 77 -29.435522000000002 no 
197 77 -28.264122999999998 no 
198 77 -25.71 yes 
199 77 -24.398533999999998 no 
200 77 -21.57 yes 
201 77 -19.84 yes 
202 77 -16.64 yes 
203 77 -14.37 yes 
204 77 -9.57 yes 
205 77 -5.6 yes 
165 78 -0.318 yes 
166 78 -4.783 yes 
167 78 -6.753 yes 
168 78 -11.010078 no 
169 78 -12.464 yes 
170 78 -16.299202 no 
171 78 -17.466569 no 
172 78 -21.106669999999998 no 
173 78 -21.936758 no 
174 78 -25.317608 no 
175 78 -25.708684 no 
176 78 -28.933918000000002 no 
177 78 -29.370437000000003 no 
178 78 -31.997486000000002 no 
179 78 -32.268127 no 
180 78 -34.429875 no 
181 78 -34.381497 no 
182 78 -36.16842 no 
183 78 -35.773197 no 
184 78 -37.332485999999996 no 
185 78 -36.688144 no 
186 78 -37.864447 no 
187 78 -36.685361 no 
188 78 -37.82097 no 
189 78 -36.469405 no 
190 78 -37.306504000000004 no 
191 78 -35.698336000000005 no 
192 78 -36.288525 no 
193 78 -34.479677 no 
194 78 -34.760101000000006 no 
195 78 -32.793878 no 
196 78 -32.644538 no 
197 78 -30.419775 no 
198 78 -29.904018 no 
199 78 -27.3887 no 
200 78 -26.599178 no 
201 78 -23.740705000000002 no 
202 78 -22.692128 no 
203 78 -19.51 yes 
204 78 -17.62 yes 
205 78 -12.82 yes 
206 78 -9.24 yes 
207 78 -4.14 yes 
208 78 -0.5 yes 
168 79 2.53 yes 
169 79 -1.788 yes 
170 79 -3.703 yes 
171 79 -7.562303 no 
172 79 -9.318011 no 
173 79 -12.832017 no 
174 79 -14.058 yes 
175 79 -17.403686 no 
176 79 -18.520967 no 
177 79 -21.545736 no 
178 79 -22.303029 no 
179 79 -24.988572 no 
180 79 -25.625646 no 
181 79 -27.87114 no 
182 79 -28.303976 no 
183 79 -30.191488 no 
184 79 -30.318714 no 
185 79 -31.858150000000002 no 
186 79 -31.714856 no 
187 79 -33.02878 no 
188 79 -32.371314999999996 no 
189 79 -33.581958 no 
190 79 -32.83354 no 
191 79 -33.79791 no 
192 79 -32.772184 no 
193 79 -33.404829 no 
194 79 -32.21195 no 
195 79 -32.567061 no 
196 79 -31.138718 no 
197 79 -31.139751 no 
198 79 -29.580793 no 
199 79 -29.093752000000002 no 
200 79 -27.240094000000003 no 
201 79 -26.400705000000002 no 
202 79 -24.352982 no 
203 79 -23.143444 no 
204 79 -20.39 yes 
205 79 -18.57 yes 
206 79 -14.19 yes 
207 79 -10.64 yes 
208 79 -5.91 yes 
209 79 -2.23 yes 
210 79 2.68 yes 
16 8 -4.737002169999999 no 
17 8 -0.8087642100000001 no 
18 8 -0.78281634 no 
19 8 3.3328580000000003 no 
20 8 3.796172 no 
21 8 8.062033999999999 no 
22 8 9.283031999999999 no 
23 8 14.621371 no 
24 8 18.500404 no 
25 8 27.32903 no 
26 8 34.661041 no 
27 8 44.67 yes 
28 8 52.08 yes 
170 80 5.415 yes 
171 80 3.339 yes 
172 80 -1.061361 no 
173 80 -2.661 yes 
174 80 -6.641017 no 
175 80 -7.969443 no 
176 80 -11.784638999999999 no 
177 80 -12.775823 no 
178 80 -16.315345999999998 no 
179 80 -16.932924 no 
180 80 -20.250512999999998 no 
181 80 -20.661127 no 
182 80 -23.576884999999997 no 
183 80 -23.804655 no 
184 80 -26.344787 no 
185 80 -26.183651 no 
186 80 -28.539059 no 
187 80 -28.118509 no 
188 80 -30.198351 no 
189 80 -29.626378 no 
190 80 -31.370625 no 
191 80 -30.591849 no 
192 80 -32.011480999999996 no 
193 80 -31.062165 no 
194 80 -32.183952 no 
195 80 -31.013342 no 
196 80 -31.825944 no 
197 80 -30.540231 no 
198 80 -30.954314999999998 no 
199 80 -29.546066 no 
200 80 -29.503267 no 
201 80 -27.662529 no 
202 80 -27.34531 no 
203 80 -25.269203 no 
204 80 -24.690148 no 
205 80 -22.287719000000003 no 
206 80 -20.945728 no 
207 80 -16.487446 no 
208 80 -13.265407999999999 no 
209 80 -8.61 yes 
210 80 -5.3 yes 
211 80 -0.39 yes 
212 80 3.02 yes 
213 80 8.2 yes 
214 80 11.77 yes 
215 80 17.11 yes 
216 80 20.92 yes 
176 81 0.5847279999999999 no 
177 81 -3.340103 no 
178 81 -4.613 yes 
179 81 -8.269632 no 
180 81 -9.390438 no 
181 81 -12.798748999999999 no 
182 81 -13.327213 no 
183 81 -16.587260999999998 no 
184 81 -16.883354999999998 no 
185 81 -19.757745 no 
186 81 -19.882939999999998 no 
187 81 -22.444592 no 
188 81 -22.336402999999997 no 
189 81 -24.616105 no 
190 81 -24.366236 no 
191 81 -26.282951 no 
192 81 -25.872249 no 
193 81 -27.477218 no 
194 81 -26.937497999999998 no 
195 81 -28.155292000000003 no 
196 81 -27.496598000000002 no 
197 81 -28.354222 no 
198 81 -27.528753000000002 no 
199 81 -28.059397 no 
200 81 -27.047227 no 
201 81 -27.180778 no 
202 81 -25.980419 no 
203 81 -25.761309 no 
204 81 -24.34607 no 
205 81 -23.820802 no 
206 81 -22.253293000000003 no 
207 81 -21.034436000000003 no 
208 81 -16.750121 no 
209 81 -13.644793 no 
210 81 -9.246996 no 
211 81 -6.077999 no 
212 81 -1.551 yes 
213 81 1.7838109999999998 no 
214 81 6.465 yes 
215 81 10.03 yes 
216 81 14.87 yes 
217 81 18.66 yes 
218 81 23.71 yes 
178 82 3.5733710000000003 no 
179 82 2.0516080000000003 no 
180 82 -1.941069 no 
181 82 -3.1106309999999997 no 
182 82 -6.824555999999999 no 
183 82 -7.580007999999999 no 
184 82 -11.051585999999999 no 
185 82 -11.541210999999999 no 
186 82 -14.680897000000002 no 
187 82 -14.986955 no 
188 82 -17.811024 no 
189 82 -17.844019 no 
190 82 -20.416607 no 
191 82 -20.291242999999998 no 
192 82 -22.551846 no 
193 82 -22.229255000000002 no 
194 82 -24.207866000000003 no 
195 82 -23.738039 no 
196 82 -25.348234 no 
197 82 -24.745385 no 
198 82 -26.067443 no 
199 82 -25.231734 no 
200 82 -26.250858 no 
201 82 -25.271033 no 
202 82 -25.940608 no 
203 82 -24.786483 no 
204 82 -25.109814999999998 no 
205 82 -23.770162 no 
206 82 -23.785506 no 
207 82 -22.451968 no 
208 82 -21.748519 no 
209 82 -17.614574 no 
210 82 -14.728429 no 
211 82 -10.493012 no 
212 82 -7.548929 no 
213 82 -3.203598 no 
214 82 -0.18301900000000002 no 
215 82 4.342245 no 
216 82 7.51 yes 
217 82 12.26 yes 
218 82 15.63 yes 
219 82 20.62 yes 
220 82 24.13 yes 
184 83 1.254 yes 
185 83 -2.236 yes 
186 83 -3.1454969999999998 no 
187 83 -6.383274999999999 no 
188 83 -7.1948 no 
189 83 -10.064664 no 
190 83 -10.595906000000001 no 
191 83 -13.239351000000001 no 
192 83 -13.534537 no 
193 83 -15.884563 no 
194 83 -16.02302 no 
195 83 -18.025567 no 
196 83 -18.009031999999998 no 
197 83 -19.687196 no 
198 83 -19.373851 no 
199 83 -20.797616 no 
200 83 -20.370574 no 
201 83 -21.429006 no 
202 83 -20.750854 no 
203 83 -21.524893 no 
204 83 -20.645927 no 
205 83 -21.065569 no 
206 83 -20.028201 no 
207 83 -20.054554 no 
208 83 -18.870151 no 
209 83 -18.258589 no 
210 83 -14.791905 no 
211 83 -11.859116 no 
212 83 -8.117943 no 
213 83 -5.231671 no 
214 83 -1.20078 no 
215 83 1.6292719999999998 no 
216 83 5.873988000000001 no 
217 83 8.729963 no 
218 83 13.216038000000001 no 
219 83 16.32 yes 
220 83 20.96 yes 
221 83 24.2 yes 
222 83 28.95 yes 
223 83 32.24 yes 
224 83 37.07 yes 
186 84 4.101531 no 
187 84 2.823808 no 
188 84 -0.544378 no 
189 84 -1.421996 no 
190 84 -4.562708 no 
191 84 -5.068731 no 
192 84 -8.066483 no 
193 84 -8.325301999999999 no 
194 84 -11.004617 no 
195 84 -11.116655000000002 no 
196 84 -13.468731 no 
197 84 -13.393078 no 
198 84 -15.473278 no 
199 84 -15.238828999999999 no 
200 84 -16.941683 no 
201 84 -16.521166 no 
202 84 -17.941569 no 
203 84 -17.310819 no 
204 84 -18.341044999999998 no 
205 84 -17.521398 no 
206 84 -18.188668 no 
207 84 -17.1457 no 
208 84 -17.469206999999997 no 
209 84 -16.366015 no 
210 84 -15.953059999999999 no 
211 84 -12.432492 no 
212 84 -10.369408 no 
213 84 -6.653519 no 
214 84 -4.469971999999999 no 
215 84 -0.541771 no 
216 84 1.782336 no 
217 84 5.883452 no 
218 84 8.356652 no 
219 84 12.681361 no 
220 84 15.263461999999999 no 
221 84 19.773757 no 
222 84 22.486268 no 
223 84 27.079 yes 
224 84 29.91 yes 
225 84 34.58 yes 
226 84 37.549 yes 
227 84 42.281 yes 
191 85 3.863913 no 
192 85 2.925742 no 
193 85 -0.067323 no 
194 85 -0.71649 no 
195 85 -3.470299 no 
196 85 -3.9131750000000003 no 
197 85 -6.3552550000000005 no 
198 85 -6.708747000000001 no 
199 85 -8.823377 no 
200 85 -8.987894 no 
201 85 -10.789441 no 
202 85 -10.595106 no 
203 85 -12.162607 no 
204 85 -11.875252 no 
205 85 -12.984519 no 
206 85 -12.439388000000001 no 
207 85 -13.227482 no 
208 85 -12.469901 no 
209 85 -12.883773 no 
210 85 -11.972099 no 
211 85 -11.647191000000001 no 
212 85 -8.628148999999999 no 
213 85 -6.579522 no 
214 85 -3.379151 no 
215 85 -1.256583 no 
216 85 2.256678 no 
217 85 4.394598 no 
218 85 8.100218 no 
219 85 10.396021000000001 no 
220 85 14.375748 no 
221 85 16.782729 no 
222 85 20.953028 no 
223 85 23.428008000000002 no 
224 85 27.711018 no 
225 85 30.3 yes 
226 85 34.66 yes 
227 85 37.43 yes 
228 85 41.88 yes 
229 85 44.89 yes 
193 86 9.04292 no 
194 86 5.7246239999999995 no 
195 86 5.050285 no 
196 86 1.9751690000000002 no 
197 86 1.510368 no 
198 86 -1.2303199999999999 no 
199 86 -1.559846 no 
200 86 -4.000454 no 
201 86 -4.107412999999999 no 
202 86 -6.274560999999999 no 
203 86 -6.184045 no 
204 86 -7.970115 no 
205 86 -7.709764 no 
206 86 -9.132918 no 
207 86 -8.634742000000001 no 
208 86 -9.655389 no 
209 86 -8.941049000000001 no 
210 86 -9.604764 no 
211 86 -8.75533 no 
212 86 -8.659218999999998 no 
213 86 -5.695949 no 
214 86 -4.3196639999999995 no 
215 86 -1.16899 no 
216 86 0.25331200000000004 no 
217 86 3.658566 no 
218 86 5.217413 no 
219 86 8.829336999999999 no 
220 86 10.611994000000001 no 
221 86 14.471354 no 
222 86 16.371957000000002 no 
223 86 20.389738 no 
224 86 22.445098 no 
225 86 26.534143 no 
226 86 28.747194 no 
227 86 32.885835 no 
228 86 35.243466 no 
229 86 39.3624 no 
230 86 42.17 yes 
231 86 46.55 yes 
197 87 10.253968 no 
198 87 9.577698 no 
199 87 6.771388 no 
200 87 6.133578000000001 no 
201 87 3.588573 no 
202 87 3.101538 no 
203 87 0.8764120000000001 no 
204 87 0.607308 no 
205 87 -1.309816 no 
206 87 -1.246859 no 
207 87 -2.849021 no 
208 87 -2.6649279999999997 no 
209 87 -3.7821439999999997 no 
210 87 -3.343508 no 
211 87 -4.140314 no 
212 87 -3.515998 no 
213 87 -3.554199 no 
214 87 -0.958327 no 
215 87 0.318137 no 
216 87 2.971022 no 
217 87 4.3146629999999995 no 
218 87 7.0594399999999995 no 
219 87 8.616939 no 
220 87 11.482332 no 
221 87 13.277251 no 
222 87 16.378103 no 
223 87 18.382329000000002 no 
224 87 21.748614 no 
225 87 23.820601999999997 no 
226 87 27.520539 no 
227 87 29.682445 no 
228 87 33.384221 no 
229 87 35.668253 no 
230 87 39.486769 no 
231 87 42.080574999999996 no 
232 87 46.072834 no 
233 87 48.920052000000005 no 
201 88 11.936817 no 
202 88 9.0749 no 
203 88 8.601331 no 
204 88 6.061097 no 
205 88 5.803853 no 
206 88 3.565613 no 
207 88 3.513988 no 
208 88 1.7279339999999999 no 
209 88 1.8582400000000001 no 
210 88 0.442839 no 
211 88 0.83187 no 
212 88 -0.198763 no 
213 88 0.345557 no 
214 88 0.09273999999999999 no 
215 88 2.5319949999999998 no 
216 88 3.291466 no 
217 88 5.889536 no 
218 88 6.645556 no 
219 88 9.393853 no 
220 88 10.272091 no 
221 88 12.963877 no 
222 88 14.320205 no 
223 88 17.233245 no 
224 88 18.825832 no 
225 88 21.993044 no 
226 88 23.667576 no 
227 88 27.177464 no 
228 88 28.940193999999998 no 
229 88 32.561963 no 
230 88 34.516306 no 
231 88 38.216488 no 
232 88 40.496955 no 
233 88 44.334061999999996 no 
234 88 46.930629 no 
235 88 51.13 yes 
205 89 14.106689000000001 no 
206 89 13.484754 no 
207 89 11.146227999999999 no 
208 89 10.760854 no 
209 89 8.844887 no 
210 89 8.764078999999999 no 
211 89 7.143485 no 
212 89 7.299600000000001 no 
213 89 6.1410290000000005 no 
214 89 6.433272 no 
215 89 6.03055 no 
216 89 8.149736 no 
217 89 8.702321 no 
218 89 10.850845 no 
219 89 11.569552999999999 no 
220 89 13.743754999999998 no 
221 89 14.531048 no 
222 89 16.621796999999997 no 
223 89 17.825055 no 
224 89 20.234148 no 
225 89 21.637305 no 
226 89 24.309201 no 
227 89 25.849515 no 
228 89 28.894654 no 
229 89 30.689936000000003 no 
230 89 33.838386 no 
231 89 35.762853 no 
232 89 39.154423 no 
233 89 41.308037 no 
234 89 44.841195 no 
235 89 47.35716 no 
236 89 51.220998 no 
237 89 54.02 yes 
15 9 16.566752 no 
16 9 10.675182000000001 no 
17 9 1.9517010000000001 no 
18 9 0.873112 no 
19 9 -1.48744512 no 
20 9 -0.017463 no 
21 9 -0.047604999999999995 no 
22 9 2.7933760000000003 no 
23 9 3.285263 no 
24 9 7.544516 no 
25 9 11.334166999999999 no 
26 9 18.674654999999998 no 
27 9 25.133478 no 
28 9 33.403796 no 
29 9 40.15019 no 
30 9 48.96 yes 
31 9 56.843 yes 
208 90 16.688041000000002 no 
209 90 16.395 yes 
210 90 14.059521 no 
211 90 13.876396000000002 no 
212 90 12.110886 no 
213 90 12.120108 no 
214 90 10.694932000000001 no 
215 90 10.921434 no 
216 90 10.298537 no 
217 90 12.20578 no 
218 90 12.366747 no 
219 90 14.46278 no 
220 90 14.689538 no 
221 90 16.939926 no 
222 90 17.203039 no 
223 90 19.385402 no 
224 90 19.995580999999998 no 
225 90 22.310192999999998 no 
226 90 23.197649000000002 no 
227 90 25.804758999999997 no 
228 90 26.770899 no 
229 90 29.585517 no 
230 90 30.862512 no 
231 90 33.815811000000004 no 
232 90 35.446709999999996 no 
233 90 38.731642 no 
234 90 40.612958 no 
235 90 44.017754000000004 no 
236 90 46.255203 no 
237 90 49.955097 no 
238 90 52.525 yes 
239 90 56.5 yes 
211 91 22.052225999999997 no 
212 91 21.596523 no 
213 91 19.654194 no 
214 91 19.459895 no 
215 91 17.804537 no 
216 91 17.823798999999998 no 
217 91 17.054748 no 
218 91 18.649568 no 
219 91 18.583223 no 
220 91 20.278397000000002 no 
221 91 20.374937000000003 no 
222 91 22.064361 no 
223 91 22.337614000000002 no 
224 91 23.862351 no 
225 91 24.35664 no 
226 91 26.0336 no 
227 91 26.830371 no 
228 91 28.923599 no 
229 91 29.896848000000002 no 
230 91 32.173543 no 
231 91 33.424338000000006 no 
232 91 35.946549 no 
233 91 37.48941000000001 no 
234 91 40.33887 no 
235 91 42.288900999999996 no 
236 91 45.333955 no 
237 91 47.527624 no 
238 91 50.894042999999996 no 
239 91 53.337 yes 
240 91 57.01 yes 
241 91 59.74 yes 
215 92 24.889312 no 
216 92 23.066429 no 
217 92 22.971 yes 
218 92 21.894655 no 
219 92 23.295953 no 
220 92 23.013 yes 
221 92 24.519996 no 
222 92 24.272834 no 
223 92 26.045278 no 
224 92 25.74269 no 
225 92 27.372001 no 
226 92 27.328796999999998 no 
227 92 29.045034 no 
228 92 29.220001 no 
229 92 31.21062 no 
230 92 31.615016999999998 no 
231 92 33.805952 no 
232 92 34.609445 no 
233 92 36.919110999999994 no 
234 92 38.144959 no 
235 92 40.918782 no 
236 92 42.444582000000004 no 
237 92 45.390133 no 
238 92 47.307732 no 
239 92 50.572668 no 
240 92 52.715497000000006 no 
241 92 56.197 yes 
242 92 58.62 yes 
243 92 62.48 yes 
219 93 29.436951 no 
220 93 30.475022 no 
221 93 29.91 yes 
222 93 31.274641 no 
223 93 30.658583 no 
224 93 32.032248 no 
225 93 31.618098000000003 no 
226 93 32.816877 no 
227 93 32.579018 no 
228 93 33.825 yes 
229 93 33.801378 no 
230 93 35.236615 no 
231 93 35.623686 no 
232 93 37.359 yes 
233 93 37.948531 no 
234 93 39.954806 no 
235 93 41.043044 no 
236 93 43.378094 no 
237 93 44.871599 no 
238 93 47.454597 no 
239 93 49.311004999999994 no 
240 93 52.316229 no 
241 93 54.315115 no 
242 93 57.416875999999995 no 
243 93 59.806 yes 
244 93 63.24 yes 
245 93 65.85 yes 
221 94 35.93 yes 
222 94 35.06 yes 
223 94 36.121 yes 
224 94 35.28 yes 
225 94 36.3 yes 
226 94 35.63 yes 
227 94 36.77 yes 
228 94 36.107809 no 
229 94 37.394923999999996 no 
230 94 36.93217 no 
231 94 38.308577 no 
232 94 38.360915 no 
233 94 40.051836 no 
234 94 40.349985999999994 no 
235 94 42.182345999999995 no 
236 94 42.901508 no 
237 94 45.091662 no 
238 94 46.163148 no 
239 94 48.58822 no 
240 94 50.125319000000005 no 
241 94 52.955115 no 
242 94 54.716876 no 
243 94 57.754561 no 
244 94 59.806021 no 
245 94 63.178173 no 
246 94 65.394772 no 
247 94 69.21 yes 
223 95 42.7 yes 
224 95 43.26 yes 
225 95 42.39 yes 
226 95 42.97 yes 
227 95 42.18 yes 
228 95 42.85 yes 
229 95 42.180414 no 
230 95 42.872 yes 
231 95 42.41 yes 
232 95 43.42 yes 
233 95 43.285 yes 
234 95 44.462 yes 
235 95 44.624601999999996 no 
236 95 46.041 yes 
237 95 46.57 yes 
238 95 48.421421 no 
239 95 49.39036 no 
240 95 51.51011 no 
241 95 52.934335 no 
242 95 55.468014000000004 no 
243 95 57.175005 no 
244 95 59.879135000000005 no 
245 95 61.900417000000004 no 
246 95 64.994 yes 
247 95 67.153 yes 
248 95 70.563 yes 
249 95 73.104 yes 
231 96 47.27 yes 
232 96 46.333 yes 
233 96 47.29333999999999 no 
234 96 46.722411 no 
235 96 48.013 yes 
236 96 47.85282 no 
237 96 49.247150999999995 no 
238 96 49.445203 no 
239 96 51.146962 no 
240 96 51.724222000000005 no 
241 96 53.701769999999996 no 
242 96 54.803699 no 
243 96 57.181936 no 
244 96 58.451835 no 
245 96 61.004523999999996 no 
246 96 62.616912 no 
247 96 65.533105 no 
248 96 67.39274800000001 no 
249 96 70.75069599999999 no 
250 96 72.989588 no 
251 96 76.647981 no 
252 96 79.056 yes 
233 97 52.771 yes 
234 97 53.395 yes 
235 97 52.77 yes 
236 97 53.542 yes 
237 97 53.21 yes 
238 97 54.216 yes 
239 97 54.25 yes 
240 97 55.664 yes 
241 97 55.981 yes 
242 97 57.752 yes 
243 97 58.689629000000004 no 
244 97 60.713825 no 
245 97 61.813776 no 
246 97 63.966911999999994 no 
247 97 65.489521 no 
248 97 68.131053 no 
249 97 69.846333 no 
250 97 72.952006 no 
251 97 75.227981 no 
252 97 78.535 yes 
253 97 80.929 yes 
254 97 84.393 yes 
237 98 57.938255 no 
238 98 57.278 yes 
239 98 58.202 yes 
240 98 57.988718999999996 no 
241 98 59.327 yes 
242 98 59.386982 no 
243 98 60.99 yes 
244 98 61.478096 no 
245 98 63.385151 no 
246 98 64.090228 no 
247 98 66.10939200000001 no 
248 98 67.237951 no 
249 98 69.72273299999999 no 
250 98 71.17033599999999 no 
251 98 74.134981 no 
252 98 76.03461 no 
253 98 79.301562 no 
254 98 81.341395 no 
255 98 84.809 yes 
256 98 87.041 yes 
239 99 63.63 yes 
240 99 64.225 yes 
241 99 63.893 yes 
242 99 64.801 yes 
243 99 64.747 yes 
244 99 66.026 yes 
245 99 66.315 yes 
246 99 67.81880199999999 no 
247 99 68.57839299999999 no 
248 99 70.299 yes 
249 99 71.175 yes 
250 99 73.225 yes 
251 99 74.51154700000001 no 
252 99 77.29461 no 
253 99 79.010486 no 
254 99 81.994151 no 
255 99 84.089237 no 
256 99 87.185 yes 
257 99 89.403 yes 
258 99 92.702 yes 
